armrest_numstrokes,backrest_numstrokes,beak_numstrokes,body_numstrokes,bumper_numstrokes,door_numstrokes,ear_numstrokes,eye_numstrokes,feet_numstrokes,head_numstrokes,headlight_numstrokes,hood_numstrokes,leg_numstrokes,mouth_numstrokes,neck_numstrokes,paw_numstrokes,seat_numstrokes,tail_numstrokes,trunk_numstrokes,unknown_numstrokes,wheel_numstrokes,window_numstrokes,windshield_numstrokes,wing_numstrokes,armrest_total_arclength,backrest_total_arclength,beak_total_arclength,body_total_arclength,bumper_total_arclength,door_total_arclength,ear_total_arclength,eye_total_arclength,feet_total_arclength,head_total_arclength,headlight_total_arclength,hood_total_arclength,leg_total_arclength,mouth_total_arclength,neck_total_arclength,paw_total_arclength,seat_total_arclength,tail_total_arclength,trunk_total_arclength,unknown_total_arclength,wheel_total_arclength,window_total_arclength,windshield_total_arclength,wing_total_arclength
0,0,1,9,0,0,0,2,2,0,0,0,3,0,0,0,0,2,0,0,0,0,0,0,0,0,84,2223,0,0,0,304,191,0,0,0,96,0,0,0,0,188,0,0,0,0,0,0
0,0,1,27,0,0,0,0,8,6,0,0,0,0,0,0,0,8,0,0,0,0,0,0,0,0,84,1680,0,0,0,0,214,476,0,0,0,0,0,0,0,304,0,0,0,0,0,0
0,0,0,12,0,0,0,0,2,0,0,0,3,0,0,0,0,2,0,0,0,0,0,0,0,0,0,1428,0,0,0,0,53,0,0,0,126,0,0,0,0,76,0,0,0,0,0,0
0,0,1,9,0,0,0,0,6,0,0,0,6,0,0,0,0,0,0,0,0,0,0,0,0,0,68,1566,0,0,0,0,147,0,0,0,303,0,0,0,0,0,0,0,0,0,0,0
0,0,0,3,0,0,0,4,5,0,0,0,6,0,0,0,0,0,0,0,0,0,0,0,0,0,0,297,0,0,0,30,114,0,0,0,2238,0,0,0,0,0,0,0,0,0,0,0
0,0,0,6,0,0,0,0,4,0,0,0,3,0,0,0,0,2,0,0,0,0,0,0,0,0,0,741,0,0,0,0,91,0,0,0,213,0,0,0,0,1036,0,0,0,0,0,0
0,0,0,9,0,0,0,2,6,0,0,0,0,0,0,0,0,0,0,0,0,0,0,0,0,0,0,2232,0,0,0,24,119,0,0,0,0,0,0,0,0,0,0,0,0,0,0,0
0,0,3,9,0,0,0,0,3,4,0,0,0,0,0,0,0,0,0,0,0,0,0,4,0,0,48,1035,0,0,0,0,115,322,0,0,0,0,0,0,0,0,0,0,0,0,0,617
0,0,0,6,0,0,0,2,7,0,0,0,0,0,0,0,0,2,0,0,0,0,0,1,0,0,0,2193,0,0,0,6,195,0,0,0,0,0,0,0,0,830,0,0,0,0,0,151
0,0,1,9,0,0,0,2,4,4,0,0,0,0,0,0,0,0,0,0,0,0,0,1,0,0,27,867,0,0,0,10,89,1058,0,0,0,0,0,0,0,0,0,0,0,0,0,162
0,0,0,3,0,0,0,0,2,0,0,0,0,0,0,0,0,0,0,0,0,0,0,0,0,0,0,1176,0,0,0,0,133,0,0,0,0,0,0,0,0,0,0,0,0,0,0,0
0,0,1,3,0,0,0,2,2,0,0,0,0,0,0,0,0,0,0,0,0,0,0,0,0,0,120,1347,0,0,0,50,125,0,0,0,0,0,0,0,0,0,0,0,0,0,0,0
0,0,0,6,0,0,0,0,2,0,0,0,0,0,0,0,0,0,0,0,0,0,0,0,0,0,0,1488,0,0,0,0,150,0,0,0,0,0,0,0,0,0,0,0,0,0,0,0
0,0,0,3,0,0,0,0,0,2,0,0,3,0,0,0,0,0,0,4,0,0,0,1,0,0,0,1104,0,0,0,0,0,1464,0,0,162,0,0,0,0,0,0,816,0,0,0,265
0,0,1,3,0,0,0,4,1,0,0,0,0,0,0,0,0,2,0,0,0,0,0,4,0,0,17,798,0,0,0,128,63,0,0,0,0,0,0,0,0,756,0,0,0,0,0,90
0,0,0,30,0,0,0,2,1,2,0,0,6,0,0,0,0,0,0,0,0,0,0,2,0,0,0,1416,0,0,0,86,67,110,0,0,549,0,0,0,0,0,0,0,0,0,0,863
0,0,1,3,0,0,0,0,4,2,0,0,6,0,0,0,0,0,0,0,0,0,0,0,0,0,57,639,0,0,0,0,87,418,0,0,195,0,0,0,0,0,0,0,0,0,0,0
0,0,0,6,0,0,0,0,0,0,0,0,6,0,0,0,0,0,0,0,0,0,0,0,0,0,0,1110,0,0,0,0,0,0,0,0,723,0,0,0,0,0,0,0,0,0,0,0
0,0,1,3,0,0,0,2,2,0,0,0,0,0,0,0,0,4,0,0,0,0,0,1,0,0,41,711,0,0,0,44,300,0,0,0,0,0,0,0,0,248,0,0,0,0,0,333
0,0,1,0,0,0,0,0,3,0,0,0,6,0,0,0,0,0,0,0,0,0,0,2,0,0,38,0,0,0,0,0,138,0,0,0,321,0,0,0,0,0,0,0,0,0,0,722
0,0,4,6,0,0,0,2,2,2,0,0,0,0,0,0,0,2,0,0,0,0,0,1,0,0,209,669,0,0,0,20,331,402,0,0,0,0,0,0,0,164,0,0,0,0,0,76
0,0,0,3,0,0,0,0,0,0,0,0,6,0,0,0,0,0,0,0,0,0,0,0,0,0,0,1407,0,0,0,0,0,0,0,0,237,0,0,0,0,0,0,0,0,0,0,0
0,0,0,3,0,0,0,2,0,0,0,0,3,0,0,0,0,2,0,0,0,0,0,0,0,0,0,330,0,0,0,28,0,0,0,0,159,0,0,0,0,650,0,0,0,0,0,0
0,0,1,3,0,0,0,2,0,2,0,0,6,0,0,0,0,0,0,0,0,0,0,0,0,0,108,582,0,0,0,12,0,388,0,0,207,0,0,0,0,0,0,0,0,0,0,0
0,0,2,3,0,0,0,2,5,2,0,0,0,0,0,0,0,2,0,0,0,0,0,0,0,0,70,522,0,0,0,64,89,212,0,0,0,0,0,0,0,784,0,0,0,0,0,0
0,0,0,3,0,0,0,0,8,4,0,0,0,0,0,0,0,0,0,0,0,0,0,1,0,0,0,1311,0,0,0,0,207,216,0,0,0,0,0,0,0,0,0,0,0,0,0,87
0,0,1,3,0,0,0,0,0,2,0,0,3,0,0,0,0,0,0,0,0,0,0,0,0,0,20,768,0,0,0,0,0,658,0,0,525,0,0,0,0,0,0,0,0,0,0,0
0,0,0,12,0,0,0,0,4,2,0,0,6,0,0,0,0,0,0,0,0,0,0,1,0,0,0,2043,0,0,0,0,151,84,0,0,1287,0,0,0,0,0,0,0,0,0,0,78
0,0,0,3,0,0,0,0,2,0,0,0,0,0,0,0,0,0,0,0,0,0,0,0,0,0,0,723,0,0,0,0,340,0,0,0,0,0,0,0,0,0,0,0,0,0,0,0
0,0,2,3,0,0,0,0,1,0,0,0,0,0,0,0,0,2,0,0,0,0,0,2,0,0,79,342,0,0,0,0,123,0,0,0,0,0,0,0,0,808,0,0,0,0,0,46
0,0,1,3,0,0,0,0,0,2,0,0,6,0,0,0,0,0,0,0,0,0,0,0,0,0,41,777,0,0,0,0,0,282,0,0,345,0,0,0,0,0,0,0,0,0,0,0
0,0,0,3,0,0,0,0,0,0,0,0,6,0,0,0,0,0,0,0,0,0,0,9,0,0,0,954,0,0,0,0,0,0,0,0,348,0,0,0,0,0,0,0,0,0,0,444
0,0,0,3,0,0,0,0,6,0,0,0,6,0,0,0,0,0,0,0,0,0,0,0,0,0,0,930,0,0,0,0,105,0,0,0,231,0,0,0,0,0,0,0,0,0,0,0
0,0,0,3,0,0,0,0,0,0,0,0,6,0,0,0,0,0,0,0,0,0,0,1,0,0,0,870,0,0,0,0,0,0,0,0,108,0,0,0,0,0,0,0,0,0,0,264
0,0,1,3,0,0,0,0,0,2,0,0,6,0,0,0,0,0,0,0,0,0,0,0,0,0,53,984,0,0,0,0,0,224,0,0,267,0,0,0,0,0,0,0,0,0,0,0
0,0,0,6,0,0,0,0,0,0,0,0,3,0,0,0,0,0,0,0,0,0,0,0,0,0,0,1581,0,0,0,0,0,0,0,0,231,0,0,0,0,0,0,0,0,0,0,0
0,0,0,6,0,0,0,0,2,0,0,0,3,0,0,0,0,0,0,0,0,0,0,0,0,0,0,1149,0,0,0,0,27,0,0,0,120,0,0,0,0,0,0,0,0,0,0,0
0,0,1,9,0,0,0,2,0,2,0,0,6,0,0,0,0,0,0,0,0,0,0,0,0,0,73,1236,0,0,0,76,0,246,0,0,390,0,0,0,0,0,0,0,0,0,0,0
0,0,1,3,0,0,0,2,2,2,0,0,6,0,0,0,0,2,0,0,0,0,0,1,0,0,18,1377,0,0,0,100,14,488,0,0,120,0,0,0,0,188,0,0,0,0,0,151
0,0,1,6,0,0,0,2,2,0,0,0,3,0,0,0,0,2,0,0,0,0,0,0,0,0,33,465,0,0,0,50,44,0,0,0,81,0,0,0,0,1178,0,0,0,0,0,0
0,0,0,6,0,0,0,0,2,0,0,0,3,0,0,0,0,0,0,0,0,0,0,0,0,0,0,1308,0,0,0,0,28,0,0,0,96,0,0,0,0,0,0,0,0,0,0,0
0,0,3,12,0,0,0,0,0,0,0,0,6,0,0,0,0,0,0,0,0,0,0,0,0,0,74,1443,0,0,0,0,0,0,0,0,264,0,0,0,0,0,0,0,0,0,0,0
0,0,0,9,0,0,0,0,6,0,0,0,0,0,0,0,0,0,0,0,0,0,0,1,0,0,0,1281,0,0,0,0,205,0,0,0,0,0,0,0,0,0,0,0,0,0,0,46
0,0,0,6,0,0,0,0,3,4,0,0,6,0,0,0,0,2,0,0,0,0,0,1,0,0,0,1260,0,0,0,0,46,224,0,0,222,0,0,0,0,58,0,0,0,0,0,93
0,0,1,3,0,0,0,0,1,2,0,0,0,0,0,0,0,0,0,0,0,0,0,0,0,0,156,309,0,0,0,0,120,1444,0,0,0,0,0,0,0,0,0,0,0,0,0,0
0,0,0,3,0,0,0,0,4,0,0,0,3,0,0,0,0,2,0,0,0,0,0,0,0,0,0,609,0,0,0,0,160,0,0,0,162,0,0,0,0,930,0,0,0,0,0,0
0,0,1,3,0,0,0,0,3,0,0,0,6,0,0,0,0,0,0,0,0,0,0,0,0,0,49,1758,0,0,0,0,74,0,0,0,417,0,0,0,0,0,0,0,0,0,0,0
0,0,1,3,0,0,0,0,1,0,0,0,3,0,0,0,0,0,0,0,0,0,0,0,0,0,65,1485,0,0,0,0,170,0,0,0,486,0,0,0,0,0,0,0,0,0,0,0
0,0,1,3,0,0,0,0,2,0,0,0,6,0,0,0,0,0,0,0,0,0,0,1,0,0,21,693,0,0,0,0,43,0,0,0,396,0,0,0,0,0,0,0,0,0,0,583
0,0,3,6,0,0,0,0,4,2,0,0,9,0,0,0,0,0,0,0,0,0,0,0,0,0,128,1602,0,0,0,0,63,28,0,0,210,0,0,0,0,0,0,0,0,0,0,0
0,0,1,3,0,0,0,2,5,4,0,0,0,0,0,0,0,2,0,0,0,0,0,1,0,0,35,519,0,0,0,10,121,216,0,0,0,0,0,0,0,582,0,0,0,0,0,76
0,0,1,3,0,0,0,2,4,0,0,0,6,0,0,0,0,0,0,8,0,0,0,0,0,0,88,1065,0,0,0,128,46,0,0,0,261,0,0,0,0,0,0,408,0,0,0,0
0,0,1,3,0,0,0,4,3,0,0,0,6,0,0,0,0,2,0,0,0,0,0,0,0,0,37,453,0,0,0,42,55,0,0,0,264,0,0,0,0,784,0,0,0,0,0,0
0,0,1,6,0,0,0,0,0,0,0,0,6,0,0,0,0,0,0,0,0,0,0,0,0,0,40,1665,0,0,0,0,0,0,0,0,219,0,0,0,0,0,0,0,0,0,0,0
0,0,1,6,0,0,0,0,0,0,0,0,6,0,0,0,0,0,0,0,0,0,0,0,0,0,73,1524,0,0,0,0,0,0,0,0,243,0,0,0,0,0,0,0,0,0,0,0
0,0,0,3,0,0,0,0,4,2,0,0,6,0,0,0,0,0,0,0,0,0,0,0,0,0,0,963,0,0,0,0,61,416,0,0,279,0,0,0,0,0,0,0,0,0,0,0
0,0,2,9,0,0,0,0,9,0,0,0,3,0,0,0,0,0,0,0,0,0,0,1,0,0,70,1419,0,0,0,0,209,0,0,0,162,0,0,0,0,0,0,0,0,0,0,110
0,0,1,9,0,0,0,2,8,2,0,0,6,0,0,0,0,2,0,0,0,0,0,1,0,0,38,1122,0,0,0,204,202,68,0,0,288,0,0,0,0,244,0,0,0,0,0,79
0,0,2,3,0,0,0,6,8,0,0,0,15,0,0,0,0,2,0,0,0,0,0,13,0,0,72,843,0,0,0,110,206,0,0,0,645,0,0,0,0,138,0,0,0,0,0,834
0,0,1,9,0,0,0,2,2,4,0,0,0,0,0,0,0,2,0,4,0,0,0,1,0,0,51,990,0,0,0,114,428,292,0,0,0,0,0,0,0,222,0,100,0,0,0,144
0,0,1,6,0,0,0,0,4,2,0,0,6,0,0,0,0,2,0,0,0,0,0,1,0,0,35,546,0,0,0,0,118,428,0,0,333,0,0,0,0,374,0,0,0,0,0,111
0,0,0,6,0,0,0,2,6,0,0,0,0,0,0,0,0,0,0,0,0,0,0,1,0,0,0,1950,0,0,0,28,187,0,0,0,0,0,0,0,0,0,0,0,0,0,0,112
0,0,0,6,0,0,0,2,1,2,0,0,0,0,0,0,0,0,0,0,0,0,0,1,0,0,0,1617,0,0,0,34,122,148,0,0,0,0,0,0,0,0,0,0,0,0,0,101
0,0,3,3,0,0,0,0,4,2,0,0,0,0,0,0,0,2,0,0,0,0,0,2,0,0,488,894,0,0,0,0,132,104,0,0,0,0,0,0,0,242,0,0,0,0,0,792
0,0,0,6,0,0,0,0,2,0,0,0,0,0,0,0,0,0,0,0,0,0,0,0,0,0,0,1356,0,0,0,0,226,0,0,0,0,0,0,0,0,0,0,0,0,0,0,0
0,0,1,0,0,0,0,2,1,2,0,0,3,0,0,0,0,2,0,0,0,0,0,0,0,0,69,0,0,0,0,12,69,346,0,0,126,0,0,0,0,612,0,0,0,0,0,0
0,0,3,9,0,0,0,14,6,6,0,0,3,0,0,0,0,2,0,0,0,0,0,2,0,0,105,1752,0,0,0,290,103,416,0,0,270,0,0,0,0,20,0,0,0,0,0,109
0,0,1,0,0,0,0,0,0,2,0,0,3,0,0,0,0,0,0,0,0,0,0,1,0,0,53,0,0,0,0,0,0,2138,0,0,2061,0,0,0,0,0,0,0,0,0,0,167
0,0,1,3,0,0,0,0,4,2,0,0,6,0,0,0,0,2,0,0,0,0,0,1,0,0,48,663,0,0,0,0,66,182,0,0,255,0,0,0,0,114,0,0,0,0,0,225
0,0,0,0,0,0,0,0,0,0,0,0,0,0,0,0,0,0,0,28,0,0,0,0,0,0,0,0,0,0,0,0,0,0,0,0,0,0,0,0,0,0,0,2108,0,0,0,0
0,0,1,3,0,0,0,0,4,2,0,0,6,0,0,0,0,2,0,0,0,0,0,1,0,0,77,798,0,0,0,0,70,292,0,0,261,0,0,0,0,254,0,0,0,0,0,323
0,0,1,3,0,0,0,0,0,2,0,0,6,0,0,0,0,2,0,0,0,0,0,1,0,0,59,729,0,0,0,0,0,340,0,0,111,0,0,0,0,214,0,0,0,0,0,222
0,0,1,0,0,0,0,0,0,0,0,0,3,0,0,0,0,0,0,0,0,0,0,1,0,0,55,0,0,0,0,0,0,0,0,0,2301,0,0,0,0,0,0,0,0,0,0,246
0,0,0,6,0,0,0,0,5,2,0,0,3,0,0,0,0,2,0,0,0,0,0,0,0,0,0,738,0,0,0,0,164,206,0,0,177,0,0,0,0,1240,0,0,0,0,0,0
0,0,3,18,0,0,0,0,3,2,0,0,6,0,0,0,0,2,0,0,0,0,0,0,0,0,49,3210,0,0,0,0,57,214,0,0,264,0,0,0,0,478,0,0,0,0,0,0
0,0,0,0,0,0,0,0,0,0,0,0,0,0,0,0,0,0,0,24,0,0,0,0,0,0,0,0,0,0,0,0,0,0,0,0,0,0,0,0,0,0,0,3180,0,0,0,0
0,0,0,3,0,0,0,2,7,0,0,0,6,0,0,0,0,0,0,0,0,0,0,1,0,0,0,1251,0,0,0,10,108,0,0,0,186,0,0,0,0,0,0,0,0,0,0,87
0,0,1,3,0,0,0,2,8,0,0,0,0,0,0,0,0,0,0,0,0,0,0,0,0,0,10,1344,0,0,0,6,160,0,0,0,0,0,0,0,0,0,0,0,0,0,0,0
0,0,1,9,0,0,0,2,0,0,0,0,18,0,0,0,0,0,0,0,0,0,0,0,0,0,21,1938,0,0,0,18,0,0,0,0,612,0,0,0,0,0,0,0,0,0,0,0
0,0,0,9,0,0,0,0,5,2,0,0,6,0,0,0,0,0,0,0,0,0,0,0,0,0,0,1458,0,0,0,0,285,358,0,0,327,0,0,0,0,0,0,0,0,0,0,0
0,0,1,3,0,0,0,0,6,2,0,0,6,0,0,0,0,0,0,0,0,0,0,0,0,0,42,672,0,0,0,0,173,590,0,0,399,0,0,0,0,0,0,0,0,0,0,0
0,0,2,3,0,0,0,0,6,6,0,0,6,0,0,0,0,0,0,0,0,0,0,0,0,0,53,699,0,0,0,0,94,1202,0,0,168,0,0,0,0,0,0,0,0,0,0,0
0,0,1,3,0,0,0,2,0,2,0,0,6,0,0,0,0,4,0,0,0,0,0,0,0,0,127,549,0,0,0,10,0,496,0,0,342,0,0,0,0,228,0,0,0,0,0,0
0,0,0,6,0,0,0,0,3,0,0,0,3,0,0,0,0,0,0,0,0,0,0,0,0,0,0,1656,0,0,0,0,101,0,0,0,147,0,0,0,0,0,0,0,0,0,0,0
0,0,0,9,0,0,0,0,4,0,0,0,3,0,0,0,0,0,0,0,0,0,0,0,0,0,0,2082,0,0,0,0,118,0,0,0,171,0,0,0,0,0,0,0,0,0,0,0
0,0,0,9,0,0,0,2,4,2,0,0,6,0,0,0,0,4,0,0,0,0,0,4,0,0,0,813,0,0,0,20,72,300,0,0,432,0,0,0,0,1096,0,0,0,0,0,112
0,0,0,3,0,0,0,0,4,2,0,0,0,0,0,0,0,0,0,0,0,0,0,0,0,0,0,1185,0,0,0,0,149,760,0,0,0,0,0,0,0,0,0,0,0,0,0,0
0,0,1,6,0,0,0,2,2,0,0,0,6,0,0,0,0,0,0,0,0,0,0,0,0,0,14,1371,0,0,0,6,33,0,0,0,333,0,0,0,0,0,0,0,0,0,0,0
0,0,0,3,0,0,0,0,2,2,0,0,6,0,0,0,0,0,0,0,0,0,0,0,0,0,0,819,0,0,0,0,47,548,0,0,420,0,0,0,0,0,0,0,0,0,0,0
0,0,0,3,0,0,0,2,6,4,0,0,6,0,0,0,0,0,0,0,0,0,0,1,0,0,0,696,0,0,0,24,131,612,0,0,381,0,0,0,0,0,0,0,0,0,0,103
0,0,0,3,0,0,0,0,6,0,0,0,3,0,0,0,0,0,0,0,0,0,0,0,0,0,0,1509,0,0,0,0,168,0,0,0,123,0,0,0,0,0,0,0,0,0,0,0
0,0,0,12,0,0,0,0,0,0,0,0,3,0,0,0,0,2,0,0,0,0,0,0,0,0,0,1701,0,0,0,0,0,0,0,0,93,0,0,0,0,200,0,0,0,0,0,0
0,0,0,3,0,0,0,0,0,0,0,0,6,0,0,0,0,0,0,0,0,0,0,1,0,0,0,1284,0,0,0,0,0,0,0,0,657,0,0,0,0,0,0,0,0,0,0,237
0,0,0,3,0,0,0,0,0,0,0,0,6,0,0,0,0,0,0,0,0,0,0,1,0,0,0,1368,0,0,0,0,0,0,0,0,477,0,0,0,0,0,0,0,0,0,0,228
0,0,0,3,0,0,0,0,0,0,0,0,6,0,0,0,0,0,0,0,0,0,0,1,0,0,0,1272,0,0,0,0,0,0,0,0,459,0,0,0,0,0,0,0,0,0,0,294
0,0,0,3,0,0,0,0,0,0,0,0,6,0,0,0,0,0,0,0,0,0,0,0,0,0,0,2025,0,0,0,0,0,0,0,0,732,0,0,0,0,0,0,0,0,0,0,0
0,0,1,6,0,0,0,2,4,0,0,0,12,0,0,0,0,0,0,0,0,0,0,4,0,0,99,2202,0,0,0,98,196,0,0,0,300,0,0,0,0,0,0,0,0,0,0,291
0,0,2,6,0,0,0,2,0,2,0,0,6,0,0,0,0,2,0,0,0,0,0,2,0,0,31,756,0,0,0,14,0,514,0,0,438,0,0,0,0,224,0,0,0,0,0,135
0,0,1,3,0,0,0,0,1,2,0,0,6,0,0,0,0,0,0,0,0,0,0,1,0,0,30,582,0,0,0,0,47,146,0,0,462,0,0,0,0,0,0,0,0,0,0,430
0,0,1,3,0,0,0,2,2,4,0,0,3,0,0,0,0,2,0,0,0,0,0,1,0,0,33,858,0,0,0,92,156,538,0,0,57,0,0,0,0,422,0,0,0,0,0,124
0,0,0,3,0,0,0,0,2,0,0,0,0,0,0,0,0,0,0,0,0,0,0,0,0,0,0,1725,0,0,0,0,125,0,0,0,0,0,0,0,0,0,0,0,0,0,0,0
0,0,1,3,0,0,0,2,5,0,0,0,6,0,0,0,0,0,0,0,0,0,0,1,0,0,13,1269,0,0,0,82,60,0,0,0,168,0,0,0,0,0,0,0,0,0,0,69
0,0,0,9,0,0,0,2,7,2,0,0,3,0,0,0,0,0,0,0,0,0,0,2,0,0,0,2076,0,0,0,26,228,182,0,0,189,0,0,0,0,0,0,0,0,0,0,245
0,0,0,3,0,0,0,0,6,2,0,0,6,0,0,0,0,0,0,0,0,0,0,1,0,0,0,1341,0,0,0,0,71,48,0,0,261,0,0,0,0,0,0,0,0,0,0,40
0,0,0,3,0,0,0,2,2,0,0,0,0,0,0,0,0,0,0,4,0,0,0,0,0,0,0,1287,0,0,0,10,240,0,0,0,0,0,0,0,0,0,0,148,0,0,0,0
0,0,0,3,0,0,0,0,2,2,0,0,6,0,0,0,0,0,0,0,0,0,0,0,0,0,0,1395,0,0,0,0,328,1520,0,0,471,0,0,0,0,0,0,0,0,0,0,0
0,0,2,9,0,0,0,0,2,0,0,0,9,0,0,0,0,0,0,0,0,0,0,1,0,0,43,1473,0,0,0,0,51,0,0,0,453,0,0,0,0,0,0,0,0,0,0,125
0,0,2,3,0,0,0,6,2,4,0,0,6,0,0,0,0,0,0,0,0,0,0,1,0,0,30,1299,0,0,0,180,81,1102,0,0,108,0,0,0,0,0,0,0,0,0,0,82
0,0,1,6,0,0,0,0,2,2,0,0,3,0,0,0,0,0,0,36,0,0,0,1,0,0,54,1743,0,0,0,0,168,216,0,0,105,0,0,0,0,0,0,1012,0,0,0,111
0,0,0,3,0,0,0,0,2,0,0,0,6,0,0,0,0,2,0,0,0,0,0,2,0,0,0,687,0,0,0,0,94,0,0,0,258,0,0,0,0,896,0,0,0,0,0,247
0,0,0,3,0,0,0,0,2,0,0,0,6,0,0,0,0,0,0,0,0,0,0,0,0,0,0,1998,0,0,0,0,81,0,0,0,204,0,0,0,0,0,0,0,0,0,0,0
0,0,2,3,0,0,0,0,2,0,0,0,3,0,0,0,0,2,0,0,0,0,0,1,0,0,55,567,0,0,0,0,91,0,0,0,102,0,0,0,0,796,0,0,0,0,0,59
0,0,0,9,0,0,0,0,5,0,0,0,3,0,0,0,0,2,0,0,0,0,0,1,0,0,0,2463,0,0,0,0,177,0,0,0,45,0,0,0,0,398,0,0,0,0,0,278
0,0,0,6,0,0,0,0,4,6,0,0,3,0,0,0,0,2,0,8,0,0,0,3,0,0,0,639,0,0,0,0,86,2196,0,0,174,0,0,0,0,424,0,364,0,0,0,654
0,0,1,6,0,0,0,2,6,0,0,0,12,0,0,0,0,0,0,0,0,0,0,1,0,0,48,723,0,0,0,28,102,0,0,0,423,0,0,0,0,0,0,0,0,0,0,400
0,0,1,6,0,0,0,2,6,0,0,0,6,0,0,0,0,2,0,0,0,0,0,2,0,0,58,1764,0,0,0,88,148,0,0,0,327,0,0,0,0,582,0,0,0,0,0,453
0,0,0,3,0,0,0,2,8,2,0,0,0,0,0,0,0,14,0,0,0,0,0,0,0,0,0,2349,0,0,0,188,203,278,0,0,0,0,0,0,0,312,0,0,0,0,0,0
0,0,0,3,0,0,0,0,3,2,0,0,9,0,0,0,0,0,0,0,0,0,0,0,0,0,0,510,0,0,0,0,158,480,0,0,600,0,0,0,0,0,0,0,0,0,0,0
0,0,1,6,0,0,0,2,2,2,0,0,6,0,0,0,0,2,0,0,0,0,0,0,0,0,42,573,0,0,0,174,48,136,0,0,441,0,0,0,0,638,0,0,0,0,0,0
0,0,1,3,0,0,0,0,0,0,0,0,0,0,0,0,0,2,0,0,0,0,0,0,0,0,39,867,0,0,0,0,0,0,0,0,0,0,0,0,0,576,0,0,0,0,0,0
0,0,1,18,0,0,0,0,2,4,0,0,6,0,0,0,0,2,0,0,0,0,0,2,0,0,68,1743,0,0,0,0,31,312,0,0,297,0,0,0,0,88,0,0,0,0,0,310
0,0,0,3,0,0,0,0,4,2,0,0,0,0,0,0,0,0,0,0,0,0,0,1,0,0,0,1236,0,0,0,0,189,84,0,0,0,0,0,0,0,0,0,0,0,0,0,11
0,0,1,3,0,0,0,0,2,0,0,0,6,0,0,0,0,0,0,0,0,0,0,0,0,0,39,1389,0,0,0,0,29,0,0,0,357,0,0,0,0,0,0,0,0,0,0,0
0,0,1,3,0,0,0,0,2,0,0,0,6,0,0,0,0,0,0,0,0,0,0,0,0,0,47,1455,0,0,0,0,72,0,0,0,540,0,0,0,0,0,0,0,0,0,0,0
0,0,1,6,0,0,0,0,7,4,0,0,3,0,0,0,0,0,0,0,0,0,0,2,0,0,52,717,0,0,0,0,190,1688,0,0,93,0,0,0,0,0,0,0,0,0,0,272
0,0,0,0,0,0,0,0,4,2,0,0,3,0,0,0,0,0,0,0,0,0,0,1,0,0,0,0,0,0,0,0,27,268,0,0,165,0,0,0,0,0,0,0,0,0,0,268
0,0,0,3,0,0,0,0,8,0,0,0,6,0,0,0,0,0,0,0,0,0,0,0,0,0,0,2007,0,0,0,0,322,0,0,0,327,0,0,0,0,0,0,0,0,0,0,0
0,0,0,3,0,0,0,0,6,0,0,0,0,0,0,0,0,0,0,0,0,0,0,0,0,0,0,2061,0,0,0,0,391,0,0,0,0,0,0,0,0,0,0,0,0,0,0,0
0,0,1,3,0,0,0,0,7,2,0,0,6,0,0,0,0,2,0,0,0,0,0,0,0,0,20,501,0,0,0,0,57,174,0,0,246,0,0,0,0,650,0,0,0,0,0,0
0,0,3,12,0,0,0,2,2,6,0,0,0,0,0,0,0,0,0,0,0,0,0,0,0,0,90,1719,0,0,0,20,20,332,0,0,0,0,0,0,0,0,0,0,0,0,0,0
0,0,1,6,0,0,0,0,0,2,0,0,0,0,0,0,0,0,0,0,0,0,0,0,0,0,26,723,0,0,0,0,0,824,0,0,0,0,0,0,0,0,0,0,0,0,0,0
0,0,2,9,0,0,0,0,2,0,0,0,0,0,0,0,0,0,0,0,0,0,0,0,0,0,89,2073,0,0,0,0,152,0,0,0,0,0,0,0,0,0,0,0,0,0,0,0
0,0,0,3,0,0,0,0,2,0,0,0,3,0,0,0,0,0,0,0,0,0,0,0,0,0,0,1470,0,0,0,0,138,0,0,0,78,0,0,0,0,0,0,0,0,0,0,0
0,0,0,9,0,0,0,0,2,0,0,0,0,0,0,0,0,0,0,0,0,0,0,4,0,0,0,543,0,0,0,0,215,0,0,0,0,0,0,0,0,0,0,0,0,0,0,874
0,0,1,9,0,0,0,0,1,0,0,0,0,0,0,0,0,0,0,0,0,0,0,0,0,0,43,2160,0,0,0,0,97,0,0,0,0,0,0,0,0,0,0,0,0,0,0,0
0,0,0,9,0,0,0,0,2,0,0,0,0,0,0,0,0,0,0,0,0,0,0,0,0,0,0,2082,0,0,0,0,257,0,0,0,0,0,0,0,0,0,0,0,0,0,0,0
0,0,0,6,0,0,0,0,0,2,0,0,0,0,0,0,0,0,0,0,0,0,0,0,0,0,0,1383,0,0,0,0,0,110,0,0,0,0,0,0,0,0,0,0,0,0,0,0
0,0,0,6,0,0,0,0,0,0,0,0,3,0,0,0,0,0,0,0,0,0,0,0,0,0,0,1527,0,0,0,0,0,0,0,0,219,0,0,0,0,0,0,0,0,0,0,0
0,0,2,6,0,0,0,0,0,2,0,0,3,0,0,0,0,0,0,0,0,0,0,2,0,0,78,987,0,0,0,0,0,436,0,0,81,0,0,0,0,0,0,0,0,0,0,85
0,0,0,3,0,0,0,0,2,0,0,0,0,0,0,0,0,2,0,0,0,0,0,0,0,0,0,600,0,0,0,0,134,0,0,0,0,0,0,0,0,424,0,0,0,0,0,0
0,0,0,3,0,0,0,0,0,0,0,0,6,0,0,0,0,0,0,0,0,0,0,0,0,0,0,1065,0,0,0,0,0,0,0,0,336,0,0,0,0,0,0,0,0,0,0,0
0,0,0,6,0,0,0,2,0,0,0,0,6,0,0,0,0,0,0,0,0,0,0,1,0,0,0,1350,0,0,0,16,0,0,0,0,255,0,0,0,0,0,0,0,0,0,0,153
0,0,0,9,0,0,0,0,0,0,0,0,0,0,0,0,0,2,0,0,0,0,0,2,0,0,0,783,0,0,0,0,0,0,0,0,0,0,0,0,0,294,0,0,0,0,0,85
0,0,1,3,0,0,0,0,0,4,0,0,6,0,0,0,0,2,0,4,0,0,0,0,0,0,38,549,0,0,0,0,0,396,0,0,156,0,0,0,0,142,0,1176,0,0,0,0
0,0,1,3,0,0,0,0,0,2,0,0,6,0,0,0,0,0,0,0,0,0,0,0,0,0,48,369,0,0,0,0,0,212,0,0,153,0,0,0,0,0,0,0,0,0,0,0
0,0,1,3,0,0,0,0,0,2,0,0,6,0,0,0,0,0,0,0,0,0,0,1,0,0,40,549,0,0,0,0,0,258,0,0,237,0,0,0,0,0,0,0,0,0,0,52
0,0,1,3,0,0,0,2,0,4,0,0,6,0,0,0,0,0,0,4,0,0,0,2,0,0,37,753,0,0,0,92,0,184,0,0,171,0,0,0,0,0,0,380,0,0,0,164
0,0,2,3,0,0,0,0,0,4,0,0,6,0,0,0,0,2,0,8,0,0,0,0,0,0,111,645,0,0,0,0,0,182,0,0,234,0,0,0,0,794,0,484,0,0,0,0
0,0,1,3,0,0,0,0,0,2,0,0,6,0,0,0,0,0,0,0,0,0,0,0,0,0,64,867,0,0,0,0,0,256,0,0,180,0,0,0,0,0,0,0,0,0,0,0
0,0,0,0,0,0,0,4,6,0,0,0,3,0,0,0,0,0,0,0,0,0,0,0,0,0,0,0,0,0,0,260,103,0,0,0,2769,0,0,0,0,0,0,0,0,0,0,0
0,0,1,3,0,0,0,4,6,0,0,0,6,0,0,0,0,0,0,0,0,0,0,0,0,0,65,1497,0,0,0,198,184,0,0,0,483,0,0,0,0,0,0,0,0,0,0,0
0,0,1,3,0,0,0,2,8,0,0,0,0,0,0,0,0,0,0,0,0,0,0,0,0,0,79,1653,0,0,0,142,296,0,0,0,0,0,0,0,0,0,0,0,0,0,0,0
0,0,0,0,0,0,0,0,0,0,0,0,0,0,0,0,0,2,0,0,0,0,0,0,0,0,0,0,0,0,0,0,0,0,0,0,0,0,0,0,0,1934,0,0,0,0,0,0
0,0,0,6,0,0,0,0,0,0,0,0,3,0,0,0,0,2,0,0,0,0,0,0,0,0,0,1419,0,0,0,0,0,0,0,0,216,0,0,0,0,894,0,0,0,0,0,0
0,0,0,0,0,0,0,0,0,0,0,0,0,0,0,0,0,0,0,24,0,0,0,0,0,0,0,0,0,0,0,0,0,0,0,0,0,0,0,0,0,0,0,1664,0,0,0,0
0,0,2,3,0,0,0,2,0,2,0,0,3,0,0,0,0,0,0,0,0,0,0,1,0,0,95,399,0,0,0,36,0,218,0,0,192,0,0,0,0,0,0,0,0,0,0,234
0,0,0,3,0,0,0,2,0,4,0,0,6,0,0,0,0,0,0,0,0,0,0,0,0,0,0,1311,0,0,0,34,0,660,0,0,330,0,0,0,0,0,0,0,0,0,0,0
0,0,1,6,0,0,0,0,5,0,0,0,3,0,0,0,0,0,0,0,0,0,0,0,0,0,31,957,0,0,0,0,116,0,0,0,174,0,0,0,0,0,0,0,0,0,0,0
0,0,0,3,0,0,0,0,0,0,0,0,0,0,0,0,0,0,0,0,0,0,0,0,0,0,0,2529,0,0,0,0,0,0,0,0,0,0,0,0,0,0,0,0,0,0,0,0
0,0,2,3,0,0,0,0,5,8,0,0,3,0,0,0,0,2,0,0,0,0,0,1,0,0,27,471,0,0,0,0,41,248,0,0,90,0,0,0,0,486,0,0,0,0,0,31
0,0,0,3,0,0,0,0,4,0,0,0,3,0,0,0,0,0,0,0,0,0,0,0,0,0,0,600,0,0,0,0,444,0,0,0,198,0,0,0,0,0,0,0,0,0,0,0
0,0,0,9,0,0,0,2,8,2,0,0,0,0,0,0,0,0,0,0,0,0,0,10,0,0,0,1050,0,0,0,54,129,184,0,0,0,0,0,0,0,0,0,0,0,0,0,282
0,0,0,3,0,0,0,2,0,0,0,0,6,0,0,0,0,0,0,0,0,0,0,0,0,0,0,1839,0,0,0,24,0,0,0,0,348,0,0,0,0,0,0,0,0,0,0,0
0,0,2,24,0,0,0,0,3,2,0,0,0,0,0,0,0,2,0,0,0,0,0,2,0,0,156,1263,0,0,0,0,88,116,0,0,0,0,0,0,0,346,0,0,0,0,0,52
0,0,0,3,0,0,0,2,2,0,0,0,6,0,0,0,0,2,0,0,0,0,0,1,0,0,0,552,0,0,0,16,53,0,0,0,378,0,0,0,0,420,0,0,0,0,0,71
0,0,1,3,0,0,0,2,4,2,0,0,0,0,0,0,0,4,0,0,0,0,0,1,0,0,32,1224,0,0,0,16,143,118,0,0,0,0,0,0,0,670,0,0,0,0,0,102
0,0,1,6,0,0,0,2,0,2,0,0,6,0,0,0,0,2,0,0,0,0,0,2,0,0,39,501,0,0,0,10,0,320,0,0,222,0,0,0,0,374,0,0,0,0,0,82
0,0,1,9,0,0,0,4,7,2,0,0,9,0,0,0,0,2,0,0,0,0,0,0,0,0,33,1509,0,0,0,122,148,84,0,0,660,0,0,0,0,90,0,0,0,0,0,0
0,0,1,9,0,0,0,0,0,0,0,0,3,0,0,0,0,0,0,0,0,0,0,0,0,0,45,1416,0,0,0,0,0,0,0,0,108,0,0,0,0,0,0,0,0,0,0,0
0,0,2,6,0,0,0,0,5,0,0,0,3,0,0,0,0,2,0,0,0,0,0,0,0,0,102,444,0,0,0,0,97,0,0,0,84,0,0,0,0,684,0,0,0,0,0,0
0,0,1,3,0,0,0,0,4,0,0,0,6,0,0,0,0,0,0,0,0,0,0,0,0,0,43,945,0,0,0,0,44,0,0,0,162,0,0,0,0,0,0,0,0,0,0,0
0,0,1,3,0,0,0,0,6,4,0,0,6,0,0,0,0,2,0,0,0,0,0,1,0,0,65,501,0,0,0,0,158,272,0,0,285,0,0,0,0,492,0,0,0,0,0,92
0,0,1,6,0,0,0,0,5,0,0,0,3,0,0,0,0,2,0,0,0,0,0,0,0,0,32,453,0,0,0,0,81,0,0,0,228,0,0,0,0,1168,0,0,0,0,0,0
0,0,1,12,0,0,0,0,5,0,0,0,3,0,0,0,0,0,0,0,0,0,0,0,0,0,31,1518,0,0,0,0,108,0,0,0,84,0,0,0,0,0,0,0,0,0,0,0
0,0,1,3,0,0,0,0,0,0,0,0,6,0,0,0,0,0,0,0,0,0,0,0,0,0,38,1539,0,0,0,0,0,0,0,0,273,0,0,0,0,0,0,0,0,0,0,0
0,0,1,12,0,0,0,2,1,2,0,0,0,0,0,0,0,0,0,0,0,0,0,0,0,0,17,2070,0,0,0,66,39,158,0,0,0,0,0,0,0,0,0,0,0,0,0,0
0,0,1,3,0,0,0,0,0,0,0,0,6,0,0,0,0,0,0,0,0,0,0,0,0,0,54,1554,0,0,0,0,0,0,0,0,399,0,0,0,0,0,0,0,0,0,0,0
0,0,0,12,0,0,0,2,3,0,0,0,3,0,0,0,0,0,0,0,0,0,0,1,0,0,0,1842,0,0,0,50,36,0,0,0,159,0,0,0,0,0,0,0,0,0,0,140
0,0,2,9,0,0,0,0,1,0,0,0,3,0,0,0,0,4,0,0,0,0,0,0,0,0,41,1827,0,0,0,0,20,0,0,0,282,0,0,0,0,352,0,0,0,0,0,0
0,0,3,15,0,0,0,2,5,2,0,0,6,0,0,0,0,0,0,4,0,0,0,2,0,0,34,1116,0,0,0,50,88,704,0,0,129,0,0,0,0,0,0,420,0,0,0,46
0,0,1,12,0,0,0,2,6,0,0,0,6,0,0,0,0,8,0,0,0,0,0,1,0,0,131,1326,0,0,0,50,86,0,0,0,264,0,0,0,0,168,0,0,0,0,0,283
0,0,0,6,0,0,0,0,1,0,0,0,3,0,0,0,0,0,0,0,0,0,0,0,0,0,0,1803,0,0,0,0,128,0,0,0,81,0,0,0,0,0,0,0,0,0,0,0
0,0,0,12,0,0,0,4,6,0,0,0,0,0,0,0,0,0,0,0,0,0,0,0,0,0,0,1725,0,0,0,120,198,0,0,0,0,0,0,0,0,0,0,0,0,0,0,0
0,0,1,3,0,0,0,0,2,4,0,0,0,0,0,0,0,0,0,0,0,0,0,0,0,0,7,1266,0,0,0,0,276,498,0,0,0,0,0,0,0,0,0,0,0,0,0,0
0,0,0,3,0,0,0,2,2,2,0,0,0,0,0,0,0,0,0,0,0,0,0,1,0,0,0,1425,0,0,0,232,206,528,0,0,0,0,0,0,0,0,0,0,0,0,0,62
0,0,0,3,0,0,0,0,2,0,0,0,6,0,0,0,0,0,0,0,0,0,0,0,0,0,0,1284,0,0,0,0,61,0,0,0,270,0,0,0,0,0,0,0,0,0,0,0
0,0,0,3,0,0,0,2,2,0,0,0,0,0,0,0,0,0,0,0,0,0,0,1,0,0,0,1317,0,0,0,16,269,0,0,0,0,0,0,0,0,0,0,0,0,0,0,184
0,0,0,3,0,0,0,2,2,2,0,0,6,0,0,0,0,0,0,0,0,0,0,9,0,0,0,1653,0,0,0,48,220,164,0,0,324,0,0,0,0,0,0,0,0,0,0,102
0,0,0,0,0,0,0,0,2,2,0,0,0,0,0,0,0,0,0,0,0,0,0,0,0,0,0,0,0,0,0,0,191,748,0,0,0,0,0,0,0,0,0,0,0,0,0,0
0,0,0,3,0,0,0,2,0,0,0,0,0,0,0,0,0,0,0,0,0,0,0,1,0,0,0,2430,0,0,0,10,0,0,0,0,0,0,0,0,0,0,0,0,0,0,0,118
0,0,1,3,0,0,0,2,2,2,0,0,0,0,0,0,0,0,0,0,0,0,0,1,0,0,65,912,0,0,0,18,266,474,0,0,0,0,0,0,0,0,0,0,0,0,0,58
0,0,0,6,0,0,0,2,0,2,0,0,0,0,0,0,0,6,0,0,0,0,0,1,0,0,0,2241,0,0,0,50,0,228,0,0,0,0,0,0,0,340,0,0,0,0,0,90
0,0,1,3,0,0,0,2,1,4,0,0,6,0,0,0,0,0,0,0,0,0,0,1,0,0,91,1650,0,0,0,8,26,520,0,0,315,0,0,0,0,0,0,0,0,0,0,95
0,0,0,6,0,0,0,2,4,0,0,0,6,0,0,0,0,2,0,0,0,0,0,1,0,0,0,1026,0,0,0,12,73,0,0,0,459,0,0,0,0,510,0,0,0,0,0,59
0,0,0,3,0,0,0,0,5,2,0,0,6,0,0,0,0,4,0,0,0,0,0,0,0,0,0,771,0,0,0,0,74,148,0,0,132,0,0,0,0,824,0,0,0,0,0,0
0,0,1,27,0,0,0,2,2,0,0,0,0,0,0,0,0,0,0,0,0,0,0,0,0,0,69,2178,0,0,0,60,435,0,0,0,0,0,0,0,0,0,0,0,0,0,0,0
0,0,0,3,0,0,0,2,1,0,0,0,3,0,0,0,0,2,0,0,0,0,0,2,0,0,0,144,0,0,0,24,427,0,0,0,519,0,0,0,0,602,0,0,0,0,0,151
0,0,1,3,0,0,0,2,1,0,0,0,3,0,0,0,0,2,0,0,0,0,0,2,0,0,7,66,0,0,0,60,451,0,0,0,1260,0,0,0,0,674,0,0,0,0,0,91
0,0,1,6,0,0,0,2,5,0,0,0,3,0,0,0,0,0,0,0,0,0,0,0,0,0,24,1053,0,0,0,12,56,0,0,0,105,0,0,0,0,0,0,0,0,0,0,0
0,0,0,6,0,0,0,0,6,0,0,0,3,0,0,0,0,2,0,0,0,0,0,0,0,0,0,522,0,0,0,0,82,0,0,0,111,0,0,0,0,444,0,0,0,0,0,0
0,0,2,9,0,0,0,2,4,2,0,0,6,0,0,0,0,2,0,0,0,0,0,3,0,0,35,816,0,0,0,68,172,578,0,0,399,0,0,0,0,144,0,0,0,0,0,98
0,0,0,9,0,0,0,2,5,0,0,0,0,0,0,0,0,0,0,0,0,0,0,0,0,0,0,1353,0,0,0,40,56,0,0,0,0,0,0,0,0,0,0,0,0,0,0,0
0,0,1,3,0,0,0,2,6,0,0,0,6,0,0,0,0,0,0,0,0,0,0,1,0,0,27,1368,0,0,0,30,96,0,0,0,258,0,0,0,0,0,0,0,0,0,0,88
0,0,0,0,0,0,0,0,8,0,0,0,3,0,0,0,0,0,0,0,0,0,0,0,0,0,0,0,0,0,0,0,109,0,0,0,2046,0,0,0,0,0,0,0,0,0,0,0
0,0,0,3,0,0,0,2,4,0,0,0,6,0,0,0,0,0,0,0,0,0,0,0,0,0,0,1695,0,0,0,66,97,0,0,0,228,0,0,0,0,0,0,0,0,0,0,0
0,0,0,3,0,0,0,2,0,0,0,0,9,0,0,0,0,2,0,0,0,0,0,0,0,0,0,774,0,0,0,44,0,0,0,0,636,0,0,0,0,1552,0,0,0,0,0,0
0,0,0,6,0,0,0,2,6,6,0,0,3,0,0,0,0,2,0,0,0,0,0,4,0,0,0,1626,0,0,0,4,134,854,0,0,456,0,0,0,0,732,0,0,0,0,0,211
0,0,0,3,0,0,0,2,4,2,0,0,3,0,0,0,0,0,0,0,0,0,0,0,0,0,0,534,0,0,0,46,89,686,0,0,126,0,0,0,0,0,0,0,0,0,0,0
0,0,0,9,0,0,0,0,0,0,0,0,0,0,0,0,0,0,0,0,3,0,0,0,0,0,0,1557,0,0,0,0,0,0,0,0,0,0,0,0,0,0,0,0,517,0,0,0
0,0,0,9,0,0,0,0,0,0,0,1,0,0,0,0,0,0,0,0,2,0,1,0,0,0,0,1566,0,0,0,0,0,0,0,20,0,0,0,0,0,0,0,0,218,0,55,0
0,0,0,21,0,0,0,0,0,0,0,0,0,0,0,0,0,0,0,0,4,1,1,0,0,0,0,1995,0,0,0,0,0,0,0,0,0,0,0,0,0,0,0,0,458,74,31,0
0,0,0,18,0,3,0,0,0,0,1,1,0,0,0,0,0,0,0,0,2,0,4,0,0,0,0,1371,0,170,0,0,0,0,89,68,0,0,0,0,0,0,0,0,265,0,236,0
0,0,0,12,1,0,0,0,0,0,0,0,0,0,0,0,0,0,0,0,2,0,0,0,0,0,0,1122,111,0,0,0,0,0,0,0,0,0,0,0,0,0,0,0,588,0,0,0
0,0,0,12,0,0,0,0,0,0,0,0,0,0,0,0,0,0,0,0,9,0,0,0,0,0,0,2181,0,0,0,0,0,0,0,0,0,0,0,0,0,0,0,0,302,0,0,0
0,0,0,9,0,1,0,0,0,0,1,1,0,0,0,0,0,0,0,0,3,1,0,0,0,0,0,2418,0,51,0,0,0,0,27,43,0,0,0,0,0,0,0,0,247,69,0,0
0,0,0,12,1,1,0,0,0,0,2,1,0,0,0,0,0,0,0,0,2,1,2,0,0,0,0,984,135,24,0,0,0,0,145,134,0,0,0,0,0,0,0,0,190,93,471,0
0,0,0,9,1,0,0,0,0,0,2,0,0,0,0,0,0,0,0,0,2,2,0,0,0,0,0,1794,82,0,0,0,0,0,118,0,0,0,0,0,0,0,0,0,223,115,0,0
0,0,0,6,1,0,0,0,0,0,0,0,0,0,0,0,0,0,0,0,2,1,0,0,0,0,0,1218,33,0,0,0,0,0,0,0,0,0,0,0,0,0,0,0,492,120,0,0
0,0,0,18,2,0,0,0,0,0,4,0,0,0,0,0,0,0,0,0,2,1,0,0,0,0,0,2343,170,0,0,0,0,0,345,0,0,0,0,0,0,0,0,0,256,61,0,0
0,0,0,9,0,0,0,0,0,0,0,0,0,0,0,0,0,0,0,0,2,0,0,0,0,0,0,1710,0,0,0,0,0,0,0,0,0,0,0,0,0,0,0,0,290,0,0,0
0,0,0,9,0,0,0,0,0,0,3,0,0,0,0,0,0,0,0,8,3,0,1,0,0,0,0,897,0,0,0,0,0,0,145,0,0,0,0,0,0,0,0,172,225,0,67,0
0,0,0,3,0,0,0,0,0,0,0,0,0,0,0,0,0,0,0,0,2,0,0,0,0,0,0,1566,0,0,0,0,0,0,0,0,0,0,0,0,0,0,0,0,158,0,0,0
0,0,0,3,0,0,0,0,0,0,0,0,0,0,0,0,0,0,0,0,0,2,1,0,0,0,0,1920,0,0,0,0,0,0,0,0,0,0,0,0,0,0,0,0,0,90,105,0
0,0,0,6,0,0,0,0,0,0,0,0,0,0,0,0,0,0,0,0,3,0,1,0,0,0,0,1341,0,0,0,0,0,0,0,0,0,0,0,0,0,0,0,0,238,0,262,0
0,0,0,3,0,0,0,0,0,0,0,0,0,0,0,0,0,0,0,0,2,0,2,0,0,0,0,2373,0,0,0,0,0,0,0,0,0,0,0,0,0,0,0,0,235,0,74,0
0,0,0,6,0,2,0,0,0,0,0,0,0,0,0,0,0,0,0,0,2,2,1,0,0,0,0,2070,0,198,0,0,0,0,0,0,0,0,0,0,0,0,0,0,264,226,76,0
0,0,0,9,0,0,0,0,0,0,0,0,0,0,0,0,0,0,0,0,2,0,0,0,0,0,0,1746,0,0,0,0,0,0,0,0,0,0,0,0,0,0,0,0,462,0,0,0
0,0,0,24,0,0,0,0,0,0,0,0,0,0,0,0,0,0,0,0,1,2,1,0,0,0,0,2220,0,0,0,0,0,0,0,0,0,0,0,0,0,0,0,0,78,159,97,0
0,0,0,9,0,4,0,0,0,0,2,0,0,0,0,0,0,0,0,0,4,3,1,0,0,0,0,1758,0,87,0,0,0,0,43,0,0,0,0,0,0,0,0,0,337,171,219,0
0,0,0,12,0,0,0,0,0,0,0,0,0,0,0,0,0,0,0,32,2,3,0,0,0,0,0,1548,0,0,0,0,0,0,0,0,0,0,0,0,0,0,0,4184,175,236,0,0
0,0,0,3,0,0,0,0,0,0,0,0,0,0,0,0,0,0,0,0,2,0,0,0,0,0,0,2022,0,0,0,0,0,0,0,0,0,0,0,0,0,0,0,0,131,0,0,0
0,0,0,3,0,0,0,0,0,0,0,0,0,0,0,0,0,0,0,0,2,1,0,0,0,0,0,1707,0,0,0,0,0,0,0,0,0,0,0,0,0,0,0,0,153,168,0,0
0,0,0,12,0,1,0,0,0,0,0,0,0,0,0,0,0,0,0,0,0,3,0,0,0,0,0,2010,0,24,0,0,0,0,0,0,0,0,0,0,0,0,0,0,0,211,0,0
0,0,0,9,0,0,0,0,0,0,1,2,0,0,0,0,0,0,1,0,3,6,2,0,0,0,0,936,0,0,0,0,0,0,66,78,0,0,0,0,0,0,66,0,173,171,160,0
0,0,0,33,1,0,0,0,0,0,0,1,0,0,0,0,0,0,0,0,3,1,1,0,0,0,0,3963,37,0,0,0,0,0,0,41,0,0,0,0,0,0,0,0,818,72,69,0
0,0,0,12,3,0,0,0,0,0,0,4,0,0,0,0,0,0,0,0,3,2,4,0,0,0,0,702,95,0,0,0,0,0,0,167,0,0,0,0,0,0,0,0,277,131,180,0
0,0,0,3,0,0,0,0,0,0,0,0,0,0,0,0,0,0,0,0,2,4,1,0,0,0,0,1326,0,0,0,0,0,0,0,0,0,0,0,0,0,0,0,0,186,218,40,0
0,0,0,9,0,0,0,0,0,0,1,0,0,0,0,0,0,0,0,0,4,2,1,0,0,0,0,858,0,0,0,0,0,0,50,0,0,0,0,0,0,0,0,0,306,137,82,0
0,0,0,6,0,0,0,0,0,0,0,0,0,0,0,0,0,0,0,0,4,0,0,0,0,0,0,975,0,0,0,0,0,0,0,0,0,0,0,0,0,0,0,0,316,0,0,0
0,0,0,3,0,0,0,0,0,0,0,0,0,0,0,0,0,0,0,0,2,3,0,0,0,0,0,948,0,0,0,0,0,0,0,0,0,0,0,0,0,0,0,0,213,261,0,0
0,0,0,3,0,0,0,0,0,0,0,1,0,0,0,0,0,0,0,0,2,2,0,0,0,0,0,1353,0,0,0,0,0,0,0,17,0,0,0,0,0,0,0,0,256,167,0,0
0,0,0,6,0,0,0,0,0,0,0,0,0,0,0,0,0,0,0,0,2,0,0,0,0,0,0,1887,0,0,0,0,0,0,0,0,0,0,0,0,0,0,0,0,247,0,0,0
0,0,0,3,0,0,0,0,0,0,0,0,0,0,0,0,0,0,0,0,2,0,0,0,0,0,0,1767,0,0,0,0,0,0,0,0,0,0,0,0,0,0,0,0,350,0,0,0
0,0,0,3,0,0,0,0,0,0,0,1,0,0,0,0,0,0,0,0,2,0,0,0,0,0,0,498,0,0,0,0,0,0,0,186,0,0,0,0,0,0,0,0,233,0,0,0
0,0,0,3,0,0,0,0,0,0,1,0,0,0,0,0,0,0,0,8,0,0,0,0,0,0,0,651,0,0,0,0,0,0,93,0,0,0,0,0,0,0,0,424,0,0,0,0
0,0,0,3,0,0,0,0,0,0,0,0,0,0,0,0,0,0,0,0,2,1,0,0,0,0,0,174,0,0,0,0,0,0,0,0,0,0,0,0,0,0,0,0,871,112,0,0
0,0,0,6,0,0,0,0,0,0,0,0,0,0,0,0,0,0,0,0,2,0,0,0,0,0,0,1068,0,0,0,0,0,0,0,0,0,0,0,0,0,0,0,0,338,0,0,0
0,0,0,6,0,0,0,0,0,0,0,0,0,0,0,0,0,0,0,0,2,0,0,0,0,0,0,1506,0,0,0,0,0,0,0,0,0,0,0,0,0,0,0,0,215,0,0,0
0,0,0,3,0,0,0,0,0,0,0,0,0,0,0,0,0,0,0,0,2,0,0,0,0,0,0,1200,0,0,0,0,0,0,0,0,0,0,0,0,0,0,0,0,141,0,0,0
0,0,0,12,1,0,0,0,0,0,2,1,0,0,0,0,0,0,0,36,0,0,1,0,0,0,0,258,100,0,0,0,0,0,80,54,0,0,0,0,0,0,0,5352,0,0,213,0
0,0,0,3,0,0,0,0,0,0,0,0,0,0,0,0,0,0,0,0,0,0,0,0,0,0,0,1536,0,0,0,0,0,0,0,0,0,0,0,0,0,0,0,0,0,0,0,0
0,0,0,3,0,0,0,0,0,0,0,0,0,0,0,0,0,0,0,0,2,0,0,0,0,0,0,1515,0,0,0,0,0,0,0,0,0,0,0,0,0,0,0,0,99,0,0,0
0,0,0,3,0,0,0,0,0,0,0,0,0,0,0,0,0,0,0,0,2,0,1,0,0,0,0,1455,0,0,0,0,0,0,0,0,0,0,0,0,0,0,0,0,72,0,101,0
0,0,0,3,0,0,0,0,0,0,0,0,0,0,0,0,0,0,0,0,2,2,1,0,0,0,0,1728,0,0,0,0,0,0,0,0,0,0,0,0,0,0,0,0,338,125,449,0
0,0,0,15,1,0,0,0,0,0,2,2,0,0,0,0,0,0,0,0,3,0,2,0,0,0,0,2277,129,0,0,0,0,0,101,110,0,0,0,0,0,0,0,0,188,0,164,0
0,0,0,9,0,0,0,0,0,0,0,0,0,0,0,0,0,0,0,0,2,2,1,0,0,0,0,1233,0,0,0,0,0,0,0,0,0,0,0,0,0,0,0,0,239,147,37,0
0,0,0,3,0,0,0,0,0,0,0,0,0,0,0,0,0,0,0,0,2,0,0,0,0,0,0,1407,0,0,0,0,0,0,0,0,0,0,0,0,0,0,0,0,221,0,0,0
0,0,0,3,0,0,0,0,0,0,0,0,0,0,0,0,0,0,0,0,2,0,1,0,0,0,0,1869,0,0,0,0,0,0,0,0,0,0,0,0,0,0,0,0,212,0,120,0
0,0,0,15,1,0,0,0,0,0,1,1,0,0,0,0,0,0,1,0,3,2,3,0,0,0,0,1272,253,0,0,0,0,0,51,306,0,0,0,0,0,0,249,0,226,183,122,0
0,0,0,6,1,0,0,0,0,0,0,0,0,0,0,0,0,0,0,0,2,0,1,0,0,0,0,864,38,0,0,0,0,0,0,0,0,0,0,0,0,0,0,0,483,0,125,0
0,0,0,6,3,2,0,0,0,0,2,1,0,0,0,0,0,0,0,0,4,3,2,0,0,0,0,1164,292,76,0,0,0,0,93,36,0,0,0,0,0,0,0,0,230,161,159,0
0,0,0,9,0,0,0,0,0,0,0,0,0,0,0,0,0,0,0,0,2,0,0,0,0,0,0,1698,0,0,0,0,0,0,0,0,0,0,0,0,0,0,0,0,245,0,0,0
0,0,0,12,0,0,0,0,0,0,0,2,0,0,0,0,0,0,0,0,2,0,0,0,0,0,0,1725,0,0,0,0,0,0,0,165,0,0,0,0,0,0,0,0,255,0,0,0
0,0,0,6,0,0,0,0,0,0,0,0,0,0,0,0,0,0,0,0,4,0,2,0,0,0,0,1653,0,0,0,0,0,0,0,0,0,0,0,0,0,0,0,0,583,0,145,0
0,0,0,3,0,0,0,0,0,0,0,0,0,0,0,0,0,0,1,0,2,2,0,0,0,0,0,528,0,0,0,0,0,0,0,0,0,0,0,0,0,0,432,0,344,163,0,0
0,0,0,9,0,0,0,0,0,0,0,4,0,0,0,0,0,0,0,0,3,0,0,0,0,0,0,1533,0,0,0,0,0,0,0,506,0,0,0,0,0,0,0,0,461,0,0,0
0,0,0,3,0,0,0,0,0,0,0,0,0,0,0,0,0,0,0,4,2,2,0,0,0,0,0,1461,0,0,0,0,0,0,0,0,0,0,0,0,0,0,0,832,384,180,0,0
0,0,0,9,1,0,0,0,0,0,2,1,0,0,0,0,0,0,0,0,2,0,1,0,0,0,0,2391,111,0,0,0,0,0,129,174,0,0,0,0,0,0,0,0,311,0,224,0
0,0,0,21,1,0,0,0,0,0,2,0,0,0,0,0,0,0,0,0,3,0,1,0,0,0,0,1854,93,0,0,0,0,0,66,0,0,0,0,0,0,0,0,0,237,0,164,0
0,0,0,3,0,2,0,0,0,0,3,1,0,0,0,0,0,0,0,0,1,4,1,0,0,0,0,933,0,82,0,0,0,0,124,192,0,0,0,0,0,0,0,0,173,360,241,0
0,0,0,3,0,0,0,0,0,0,0,0,0,0,0,0,0,0,0,0,2,0,0,0,0,0,0,1185,0,0,0,0,0,0,0,0,0,0,0,0,0,0,0,0,204,0,0,0
0,0,0,3,1,0,0,0,0,0,0,0,0,0,0,0,0,0,0,0,3,1,0,0,0,0,0,264,201,0,0,0,0,0,0,0,0,0,0,0,0,0,0,0,769,119,0,0
0,0,0,6,1,3,0,0,0,0,2,0,0,0,0,0,0,0,0,0,2,2,1,0,0,0,0,1965,70,115,0,0,0,0,56,0,0,0,0,0,0,0,0,0,256,255,137,0
0,0,0,6,0,1,0,0,0,0,2,0,0,0,0,0,0,0,0,0,5,1,1,0,0,0,0,1899,0,180,0,0,0,0,111,0,0,0,0,0,0,0,0,0,524,154,34,0
0,0,0,9,0,1,0,0,0,0,2,0,0,0,0,0,0,0,0,4,3,1,1,0,0,0,0,1677,0,116,0,0,0,0,22,0,0,0,0,0,0,0,0,100,413,161,65,0
0,0,0,12,1,1,0,0,0,0,0,0,0,0,0,0,0,0,0,0,3,3,1,0,0,0,0,1596,93,51,0,0,0,0,0,0,0,0,0,0,0,0,0,0,239,292,182,0
0,0,0,6,0,0,0,0,0,0,0,0,0,0,0,0,0,0,0,0,2,0,0,0,0,0,0,1377,0,0,0,0,0,0,0,0,0,0,0,0,0,0,0,0,235,0,0,0
0,0,0,6,0,0,0,0,0,0,0,0,0,0,0,0,0,0,0,0,2,0,0,0,0,0,0,1053,0,0,0,0,0,0,0,0,0,0,0,0,0,0,0,0,183,0,0,0
0,0,0,6,0,0,0,0,0,0,0,0,0,0,0,0,0,0,0,0,2,0,0,0,0,0,0,1413,0,0,0,0,0,0,0,0,0,0,0,0,0,0,0,0,261,0,0,0
0,0,0,15,1,0,0,0,0,0,2,4,0,0,0,0,0,0,0,0,2,0,2,0,0,0,0,2688,76,0,0,0,0,0,111,237,0,0,0,0,0,0,0,0,326,0,213,0
0,0,0,6,0,0,0,0,0,0,0,1,0,0,0,0,0,0,0,0,2,0,0,0,0,0,0,939,0,0,0,0,0,0,0,603,0,0,0,0,0,0,0,0,112,0,0,0
0,0,0,0,0,0,0,0,0,0,0,0,0,0,0,0,0,0,0,24,0,0,0,0,0,0,0,0,0,0,0,0,0,0,0,0,0,0,0,0,0,0,0,3416,0,0,0,0
0,0,0,3,0,0,0,0,0,0,0,0,0,0,0,0,0,0,0,0,2,0,0,0,0,0,0,1737,0,0,0,0,0,0,0,0,0,0,0,0,0,0,0,0,190,0,0,0
0,0,0,6,0,0,0,0,0,0,0,0,0,0,0,0,0,0,0,0,2,0,0,0,0,0,0,1020,0,0,0,0,0,0,0,0,0,0,0,0,0,0,0,0,175,0,0,0
0,0,0,0,0,0,0,0,0,0,0,0,0,0,0,0,0,0,0,84,0,0,0,0,0,0,0,0,0,0,0,0,0,0,0,0,0,0,0,0,0,0,0,7684,0,0,0,0
0,0,0,9,1,0,0,0,0,0,1,1,0,0,0,0,0,0,0,0,2,0,0,0,0,0,0,1836,53,0,0,0,0,0,72,73,0,0,0,0,0,0,0,0,313,0,0,0
0,0,0,9,0,0,0,0,0,0,0,0,0,0,0,0,0,0,0,0,1,0,0,0,0,0,0,2688,0,0,0,0,0,0,0,0,0,0,0,0,0,0,0,0,197,0,0,0
0,0,0,9,0,0,0,0,0,0,0,0,0,0,0,0,0,0,0,0,2,0,0,0,0,0,0,2961,0,0,0,0,0,0,0,0,0,0,0,0,0,0,0,0,320,0,0,0
0,0,0,21,0,0,0,0,0,0,0,0,0,0,0,0,0,0,0,0,2,0,2,0,0,0,0,2856,0,0,0,0,0,0,0,0,0,0,0,0,0,0,0,0,332,0,378,0
0,0,0,36,0,0,0,0,0,0,7,0,0,0,0,0,0,0,0,0,2,0,0,0,0,0,0,5496,0,0,0,0,0,0,223,0,0,0,0,0,0,0,0,0,374,0,0,0
0,0,0,9,1,0,0,0,0,0,3,1,0,0,0,0,0,0,1,0,2,0,1,0,0,0,0,1581,21,0,0,0,0,0,73,82,0,0,0,0,0,0,89,0,447,0,56,0
0,0,0,24,0,0,0,0,0,0,0,0,0,0,0,0,0,0,0,0,3,0,0,0,0,0,0,2085,0,0,0,0,0,0,0,0,0,0,0,0,0,0,0,0,389,0,0,0
0,0,0,3,0,0,0,0,0,0,0,0,0,0,0,0,0,0,0,0,2,0,0,0,0,0,0,1752,0,0,0,0,0,0,0,0,0,0,0,0,0,0,0,0,338,0,0,0
0,0,0,3,0,0,0,0,0,0,0,0,0,0,0,0,0,0,0,0,1,0,0,0,0,0,0,1059,0,0,0,0,0,0,0,0,0,0,0,0,0,0,0,0,177,0,0,0
0,0,0,6,0,0,0,0,0,0,0,0,0,0,0,0,0,0,0,0,1,1,0,0,0,0,0,1509,0,0,0,0,0,0,0,0,0,0,0,0,0,0,0,0,153,118,0,0
0,0,0,9,0,0,0,0,0,0,0,0,0,0,0,0,0,0,0,0,0,0,0,0,0,0,0,2385,0,0,0,0,0,0,0,0,0,0,0,0,0,0,0,0,0,0,0,0
0,0,0,6,0,1,0,0,0,0,1,0,0,0,0,0,0,0,0,0,2,1,0,0,0,0,0,1086,0,30,0,0,0,0,26,0,0,0,0,0,0,0,0,0,394,95,0,0
0,0,0,6,1,0,0,0,0,0,1,0,0,0,0,0,0,0,0,0,0,1,0,0,0,0,0,1722,31,0,0,0,0,0,63,0,0,0,0,0,0,0,0,0,0,211,0,0
0,0,0,6,0,0,0,0,0,0,0,0,0,0,0,0,0,0,0,0,2,1,1,0,0,0,0,1602,0,0,0,0,0,0,0,0,0,0,0,0,0,0,0,0,263,96,64,0
0,0,0,9,0,0,0,0,0,0,0,0,0,0,0,0,0,0,0,0,2,0,1,0,0,0,0,1821,0,0,0,0,0,0,0,0,0,0,0,0,0,0,0,0,167,0,65,0
0,0,0,3,0,0,0,0,0,0,0,0,0,0,0,0,0,0,0,0,2,0,0,0,0,0,0,1272,0,0,0,0,0,0,0,0,0,0,0,0,0,0,0,0,209,0,0,0
0,0,0,6,1,0,0,0,0,0,1,0,0,0,0,0,0,0,0,0,2,0,1,0,0,0,0,1635,67,0,0,0,0,0,39,0,0,0,0,0,0,0,0,0,153,0,494,0
0,0,0,3,0,0,0,0,0,0,0,0,0,0,0,0,0,0,0,0,2,0,1,0,0,0,0,1188,0,0,0,0,0,0,0,0,0,0,0,0,0,0,0,0,145,0,89,0
0,0,0,3,0,0,0,0,0,0,0,0,0,0,0,0,0,0,0,0,2,0,1,0,0,0,0,1425,0,0,0,0,0,0,0,0,0,0,0,0,0,0,0,0,176,0,153,0
0,0,0,3,0,0,0,0,0,0,0,0,0,0,0,0,0,0,0,0,2,1,1,0,0,0,0,1284,0,0,0,0,0,0,0,0,0,0,0,0,0,0,0,0,191,103,100,0
0,0,0,9,0,3,0,0,0,0,0,4,0,0,0,0,0,0,1,0,3,1,1,0,0,0,0,1221,0,143,0,0,0,0,0,180,0,0,0,0,0,0,147,0,186,67,359,0
0,0,0,12,0,0,0,0,0,0,2,0,0,0,0,0,0,0,0,0,3,1,2,0,0,0,0,2520,0,0,0,0,0,0,109,0,0,0,0,0,0,0,0,0,258,113,198,0
0,0,0,6,3,0,0,0,0,0,2,1,0,0,0,0,0,0,0,0,4,2,1,0,0,0,0,729,161,0,0,0,0,0,77,86,0,0,0,0,0,0,0,0,475,138,241,0
0,0,0,9,0,1,0,0,0,0,1,0,0,0,0,0,0,0,0,0,3,1,0,0,0,0,0,1851,0,28,0,0,0,0,205,0,0,0,0,0,0,0,0,0,642,112,0,0
0,0,0,9,1,0,0,0,0,0,2,0,0,0,0,0,0,0,0,4,2,0,1,0,0,0,0,2373,72,0,0,0,0,0,21,0,0,0,0,0,0,0,0,32,242,0,200,0
0,0,0,3,0,0,0,0,0,0,0,0,0,0,0,0,0,0,0,0,2,1,0,0,0,0,0,1050,0,0,0,0,0,0,0,0,0,0,0,0,0,0,0,0,114,68,0,0
0,0,0,3,0,0,0,0,0,0,0,0,0,0,0,0,0,0,0,0,2,0,0,0,0,0,0,1851,0,0,0,0,0,0,0,0,0,0,0,0,0,0,0,0,212,0,0,0
0,0,0,3,0,0,0,0,0,0,0,0,0,0,0,0,0,0,0,0,2,0,0,0,0,0,0,1632,0,0,0,0,0,0,0,0,0,0,0,0,0,0,0,0,201,0,0,0
0,0,0,3,0,0,0,0,0,0,0,0,0,0,0,0,0,0,0,0,2,0,0,0,0,0,0,1485,0,0,0,0,0,0,0,0,0,0,0,0,0,0,0,0,217,0,0,0
0,0,0,6,0,0,0,0,0,0,1,0,0,0,0,0,0,0,0,0,2,2,0,0,0,0,0,1239,0,0,0,0,0,0,57,0,0,0,0,0,0,0,0,0,201,74,0,0
0,0,0,6,0,0,0,0,0,0,1,0,0,0,0,0,0,0,0,0,5,0,1,0,0,0,0,1416,0,0,0,0,0,0,7,0,0,0,0,0,0,0,0,0,159,0,73,0
0,0,0,6,0,0,0,0,0,0,1,0,0,0,0,0,0,0,0,0,2,2,0,0,0,0,0,1092,0,0,0,0,0,0,5,0,0,0,0,0,0,0,0,0,153,120,0,0
0,0,0,6,0,0,0,0,0,0,2,0,0,0,0,0,0,0,1,0,2,2,0,0,0,0,0,2250,0,0,0,0,0,0,107,0,0,0,0,0,0,0,121,0,54,153,0,0
0,0,0,0,2,0,0,0,0,0,3,0,0,0,0,0,0,0,0,0,2,2,3,0,0,0,0,0,82,0,0,0,0,0,120,0,0,0,0,0,0,0,0,0,195,161,614,0
0,0,0,12,0,0,0,0,0,0,0,0,0,0,0,0,0,0,0,0,3,1,3,0,0,0,0,2145,0,0,0,0,0,0,0,0,0,0,0,0,0,0,0,0,310,120,89,0
0,0,0,9,1,0,0,0,0,0,0,1,0,0,0,0,0,0,0,0,4,1,1,0,0,0,0,1125,28,0,0,0,0,0,0,49,0,0,0,0,0,0,0,0,198,176,87,0
0,0,0,3,0,0,0,0,0,0,0,0,0,0,0,0,0,0,0,0,3,2,0,0,0,0,0,1503,0,0,0,0,0,0,0,0,0,0,0,0,0,0,0,0,91,75,0,0
0,0,0,15,0,0,0,0,0,0,1,0,0,0,0,0,0,0,0,0,4,1,0,0,0,0,0,1380,0,0,0,0,0,0,32,0,0,0,0,0,0,0,0,0,311,111,0,0
0,0,0,9,0,0,0,0,0,0,0,0,0,0,0,0,0,0,1,0,4,1,1,0,0,0,0,1062,0,0,0,0,0,0,0,0,0,0,0,0,0,0,200,0,384,120,101,0
0,0,0,9,0,0,0,0,0,0,0,0,0,0,0,0,0,0,0,4,2,0,2,0,0,0,0,1431,0,0,0,0,0,0,0,0,0,0,0,0,0,0,0,496,345,0,80,0
0,0,0,0,0,0,0,0,0,0,0,0,0,0,0,0,0,0,0,20,0,0,0,0,0,0,0,0,0,0,0,0,0,0,0,0,0,0,0,0,0,0,0,3232,0,0,0,0
0,0,0,15,3,0,0,0,0,0,2,0,0,0,0,0,0,0,0,0,2,2,0,0,0,0,0,1974,131,0,0,0,0,0,89,0,0,0,0,0,0,0,0,0,108,357,0,0
0,0,0,0,0,0,0,0,0,0,0,0,0,0,0,0,0,0,0,0,5,0,0,0,0,0,0,0,0,0,0,0,0,0,0,0,0,0,0,0,0,0,0,0,923,0,0,0
0,0,0,3,0,0,0,0,0,0,0,0,0,0,0,0,0,0,0,0,7,0,0,0,0,0,0,2103,0,0,0,0,0,0,0,0,0,0,0,0,0,0,0,0,500,0,0,0
0,0,0,3,0,0,0,0,0,0,0,0,0,0,0,0,0,0,0,0,4,0,0,0,0,0,0,135,0,0,0,0,0,0,0,0,0,0,0,0,0,0,0,0,920,0,0,0
0,0,0,3,0,1,0,0,0,0,0,1,0,0,0,0,0,0,0,0,12,1,0,0,0,0,0,1497,0,235,0,0,0,0,0,106,0,0,0,0,0,0,0,0,568,291,0,0
0,0,0,12,0,0,0,0,0,0,0,0,0,0,0,0,0,0,0,0,2,0,0,0,0,0,0,2838,0,0,0,0,0,0,0,0,0,0,0,0,0,0,0,0,276,0,0,0
0,0,0,12,1,4,0,0,0,0,1,0,0,0,0,0,0,0,0,0,2,2,1,0,0,0,0,2232,93,136,0,0,0,0,96,0,0,0,0,0,0,0,0,0,292,95,60,0
0,0,0,6,0,0,0,0,0,0,0,0,0,0,0,0,0,0,0,0,2,0,0,0,0,0,0,2268,0,0,0,0,0,0,0,0,0,0,0,0,0,0,0,0,243,0,0,0
0,0,0,12,0,0,0,0,0,0,0,0,0,0,0,0,0,0,0,0,2,0,1,0,0,0,0,2172,0,0,0,0,0,0,0,0,0,0,0,0,0,0,0,0,158,0,581,0
0,0,0,9,0,0,0,0,0,0,0,0,0,0,0,0,0,0,0,0,2,0,0,0,0,0,0,1437,0,0,0,0,0,0,0,0,0,0,0,0,0,0,0,0,197,0,0,0
0,0,0,3,0,0,0,0,0,0,0,0,0,0,0,0,0,0,0,0,2,0,0,0,0,0,0,1347,0,0,0,0,0,0,0,0,0,0,0,0,0,0,0,0,197,0,0,0
0,0,0,3,0,0,0,0,0,0,0,0,0,0,0,0,0,0,0,0,2,0,0,0,0,0,0,2052,0,0,0,0,0,0,0,0,0,0,0,0,0,0,0,0,270,0,0,0
0,0,0,6,0,0,0,0,0,0,0,0,0,0,0,0,0,0,0,0,2,0,1,0,0,0,0,1197,0,0,0,0,0,0,0,0,0,0,0,0,0,0,0,0,125,0,99,0
0,0,0,3,0,0,0,0,0,0,0,0,0,0,0,0,0,0,0,0,2,0,0,0,0,0,0,1242,0,0,0,0,0,0,0,0,0,0,0,0,0,0,0,0,242,0,0,0
0,0,0,3,1,1,0,0,0,0,0,0,0,0,0,0,0,0,0,8,2,1,2,0,0,0,0,1518,72,31,0,0,0,0,0,0,0,0,0,0,0,0,0,260,172,79,592,0
0,0,0,12,0,0,0,0,0,0,2,1,0,0,0,0,0,0,0,0,3,0,0,0,0,0,0,2097,0,0,0,0,0,0,220,277,0,0,0,0,0,0,0,0,846,0,0,0
0,0,0,12,0,1,0,0,0,0,2,0,0,0,0,0,0,0,1,0,8,0,0,0,0,0,0,2127,0,154,0,0,0,0,71,0,0,0,0,0,0,0,193,0,454,0,0,0
0,0,0,9,0,0,0,0,0,0,0,0,0,0,0,0,0,0,0,0,4,0,0,0,0,0,0,1494,0,0,0,0,0,0,0,0,0,0,0,0,0,0,0,0,735,0,0,0
0,0,0,6,0,0,0,0,0,0,0,0,0,0,0,0,0,0,0,0,4,2,0,0,0,0,0,1104,0,0,0,0,0,0,0,0,0,0,0,0,0,0,0,0,350,107,0,0
0,0,0,9,1,0,0,0,0,0,2,1,0,0,0,0,0,0,0,0,2,0,1,0,0,0,0,1758,55,0,0,0,0,0,106,64,0,0,0,0,0,0,0,0,116,0,59,0
0,0,0,12,2,0,0,0,0,0,0,0,0,0,0,0,0,0,0,0,8,0,0,0,0,0,0,2562,96,0,0,0,0,0,0,0,0,0,0,0,0,0,0,0,358,0,0,0
0,0,0,6,0,0,0,0,0,0,0,0,0,0,0,0,0,0,0,0,4,0,0,0,0,0,0,1758,0,0,0,0,0,0,0,0,0,0,0,0,0,0,0,0,414,0,0,0
0,0,0,3,0,0,0,0,0,0,1,0,0,0,0,0,0,0,0,0,2,1,0,0,0,0,0,1491,0,0,0,0,0,0,34,0,0,0,0,0,0,0,0,0,229,111,0,0
0,0,0,6,0,0,0,0,0,0,0,0,0,0,0,0,0,0,0,0,2,0,0,0,0,0,0,1860,0,0,0,0,0,0,0,0,0,0,0,0,0,0,0,0,145,0,0,0
0,0,0,6,0,0,0,0,0,0,0,0,0,0,0,0,0,0,0,0,2,0,0,0,0,0,0,1668,0,0,0,0,0,0,0,0,0,0,0,0,0,0,0,0,208,0,0,0
0,0,0,0,0,1,0,0,0,0,0,0,0,0,0,0,0,0,0,0,2,2,0,0,0,0,0,0,0,14,0,0,0,0,0,0,0,0,0,0,0,0,0,0,425,324,0,0
0,0,0,6,1,0,0,0,0,0,2,0,0,0,0,0,0,0,0,0,2,0,0,0,0,0,0,1725,35,0,0,0,0,0,70,0,0,0,0,0,0,0,0,0,201,0,0,0
0,0,0,0,0,0,0,0,0,0,0,0,0,0,0,0,0,0,0,0,2,0,0,0,0,0,0,0,0,0,0,0,0,0,0,0,0,0,0,0,0,0,0,0,284,0,0,0
0,0,0,3,0,0,0,0,0,0,0,1,0,0,0,0,0,0,0,0,2,0,1,0,0,0,0,240,0,0,0,0,0,0,0,64,0,0,0,0,0,0,0,0,72,0,160,0
0,0,0,3,0,0,0,0,0,0,0,0,0,0,0,0,0,0,0,0,2,0,0,0,0,0,0,894,0,0,0,0,0,0,0,0,0,0,0,0,0,0,0,0,221,0,0,0
0,0,0,6,1,0,0,0,0,0,0,1,0,0,0,0,0,0,0,0,2,0,1,0,0,0,0,1065,84,0,0,0,0,0,0,100,0,0,0,0,0,0,0,0,200,0,137,0
0,0,0,3,0,0,0,0,0,0,0,0,0,0,0,0,0,0,0,0,2,1,0,0,0,0,0,2529,0,0,0,0,0,0,0,0,0,0,0,0,0,0,0,0,378,115,0,0
0,0,0,3,0,0,0,0,0,0,0,0,0,0,0,0,0,0,0,0,2,0,0,0,0,0,0,1455,0,0,0,0,0,0,0,0,0,0,0,0,0,0,0,0,313,0,0,0
0,0,0,3,0,0,0,0,0,0,0,0,0,0,0,0,0,0,0,0,2,0,0,0,0,0,0,1665,0,0,0,0,0,0,0,0,0,0,0,0,0,0,0,0,355,0,0,0
0,0,0,3,0,0,0,0,0,0,3,0,0,0,0,0,0,0,0,124,2,0,0,0,0,0,0,1407,0,0,0,0,0,0,135,0,0,0,0,0,0,0,0,10508,319,0,0,0
0,0,0,3,0,0,0,0,0,0,0,0,0,0,0,0,0,0,0,0,2,1,0,0,0,0,0,1854,0,0,0,0,0,0,0,0,0,0,0,0,0,0,0,0,449,114,0,0
0,0,0,3,0,0,0,0,0,0,0,0,0,0,0,0,0,0,0,0,2,2,0,0,0,0,0,1863,0,0,0,0,0,0,0,0,0,0,0,0,0,0,0,0,246,278,0,0
0,0,0,6,0,0,0,0,0,0,0,0,0,0,0,0,0,0,0,0,4,1,0,0,0,0,0,1416,0,0,0,0,0,0,0,0,0,0,0,0,0,0,0,0,245,261,0,0
0,0,0,15,4,0,0,0,0,0,2,2,0,0,0,0,0,0,0,0,4,0,1,0,0,0,0,1314,304,0,0,0,0,0,129,517,0,0,0,0,0,0,0,0,108,0,479,0
0,0,0,12,1,0,0,0,0,0,2,0,0,0,0,0,0,0,0,0,6,1,1,0,0,0,0,1965,187,0,0,0,0,0,140,0,0,0,0,0,0,0,0,0,668,124,14,0
0,0,0,0,0,0,0,0,0,0,0,0,0,0,0,0,0,0,0,0,3,2,0,0,0,0,0,0,0,0,0,0,0,0,0,0,0,0,0,0,0,0,0,0,779,169,0,0
0,0,0,15,0,0,0,0,0,0,0,0,0,0,0,0,0,0,0,0,2,0,4,0,0,0,0,2115,0,0,0,0,0,0,0,0,0,0,0,0,0,0,0,0,433,0,461,0
0,0,0,6,0,4,0,0,0,0,0,0,0,0,0,0,0,0,1,0,4,2,0,0,0,0,0,636,0,308,0,0,0,0,0,0,0,0,0,0,0,0,613,0,462,120,0,0
0,0,0,3,0,0,0,0,0,0,0,0,0,0,0,0,0,0,0,0,4,2,0,0,0,0,0,1851,0,0,0,0,0,0,0,0,0,0,0,0,0,0,0,0,120,127,0,0
0,0,0,3,0,0,0,0,0,0,0,0,0,0,0,0,0,0,0,0,2,0,0,0,0,0,0,471,0,0,0,0,0,0,0,0,0,0,0,0,0,0,0,0,594,0,0,0
0,0,0,0,0,0,0,0,0,0,0,0,0,0,0,0,0,0,0,28,0,0,0,0,0,0,0,0,0,0,0,0,0,0,0,0,0,0,0,0,0,0,0,1528,0,0,0,0
0,0,0,0,0,0,0,0,0,0,0,0,0,0,0,0,0,0,0,20,0,0,0,0,0,0,0,0,0,0,0,0,0,0,0,0,0,0,0,0,0,0,0,3068,0,0,0,0
0,0,0,3,0,0,0,0,0,0,0,0,0,0,0,0,0,0,0,0,2,0,0,0,0,0,0,393,0,0,0,0,0,0,0,0,0,0,0,0,0,0,0,0,337,0,0,0
0,0,0,0,0,0,0,0,0,0,0,0,0,0,0,0,0,0,0,28,0,0,0,0,0,0,0,0,0,0,0,0,0,0,0,0,0,0,0,0,0,0,0,3560,0,0,0,0
0,0,0,6,0,0,0,0,0,0,0,0,0,0,0,0,0,0,0,0,3,1,0,0,0,0,0,408,0,0,0,0,0,0,0,0,0,0,0,0,0,0,0,0,579,50,0,0
0,0,0,9,0,0,0,0,0,0,0,0,0,0,0,0,0,0,0,0,1,0,0,0,0,0,0,1710,0,0,0,0,0,0,0,0,0,0,0,0,0,0,0,0,96,0,0,0
0,0,0,6,0,0,0,0,0,0,0,0,0,0,0,0,0,0,1,12,2,0,1,0,0,0,0,333,0,0,0,0,0,0,0,0,0,0,0,0,0,0,59,1596,169,0,156,0
0,0,0,6,0,0,0,0,0,0,0,0,0,0,0,0,0,0,0,0,2,2,0,0,0,0,0,642,0,0,0,0,0,0,0,0,0,0,0,0,0,0,0,0,353,130,0,0
0,0,0,21,0,0,0,0,0,0,0,0,0,0,0,0,0,0,0,0,3,2,1,0,0,0,0,3327,0,0,0,0,0,0,0,0,0,0,0,0,0,0,0,0,213,116,84,0
0,0,0,21,0,1,0,0,0,0,0,1,0,0,0,0,0,0,0,0,4,1,1,0,0,0,0,1848,0,75,0,0,0,0,0,88,0,0,0,0,0,0,0,0,678,55,94,0
0,0,0,9,0,0,0,0,0,0,0,0,0,0,0,0,0,0,0,0,3,0,1,0,0,0,0,1482,0,0,0,0,0,0,0,0,0,0,0,0,0,0,0,0,275,0,198,0
0,0,0,6,1,2,0,0,0,0,4,1,0,0,0,0,0,0,0,0,1,2,0,0,0,0,0,966,82,60,0,0,0,0,176,109,0,0,0,0,0,0,0,0,50,286,0,0
0,0,0,6,0,0,0,0,0,0,0,0,0,0,0,0,0,0,0,0,3,0,0,0,0,0,0,1698,0,0,0,0,0,0,0,0,0,0,0,0,0,0,0,0,150,0,0,0
0,0,0,3,0,0,0,0,0,0,0,0,0,0,0,0,0,0,0,0,2,1,1,0,0,0,0,1716,0,0,0,0,0,0,0,0,0,0,0,0,0,0,0,0,104,194,138,0
0,0,0,3,0,0,0,0,0,0,0,0,0,0,0,0,0,0,0,0,2,0,2,0,0,0,0,1491,0,0,0,0,0,0,0,0,0,0,0,0,0,0,0,0,100,0,124,0
0,0,0,9,0,0,0,0,0,0,2,0,0,0,0,0,0,0,0,0,3,0,1,0,0,0,0,2124,0,0,0,0,0,0,40,0,0,0,0,0,0,0,0,0,106,0,88,0
0,0,0,12,1,0,0,0,0,0,2,0,0,0,0,0,0,0,0,0,3,0,1,0,0,0,0,1452,197,0,0,0,0,0,10,0,0,0,0,0,0,0,0,0,149,0,36,0
0,0,0,3,1,0,0,0,0,0,2,0,0,0,0,0,0,0,0,0,4,0,1,0,0,0,0,423,51,0,0,0,0,0,9,0,0,0,0,0,0,0,0,0,340,0,88,0
0,0,0,3,0,0,0,0,0,0,0,0,0,0,0,0,0,0,0,0,2,0,0,0,0,0,0,1248,0,0,0,0,0,0,0,0,0,0,0,0,0,0,0,0,250,0,0,0
0,0,0,3,0,0,0,0,0,0,0,0,0,0,0,0,0,0,0,0,2,1,0,0,0,0,0,1476,0,0,0,0,0,0,0,0,0,0,0,0,0,0,0,0,160,80,0,0
0,0,0,6,0,0,0,0,0,0,1,0,0,0,0,0,0,0,0,0,2,0,0,0,0,0,0,1653,0,0,0,0,0,0,23,0,0,0,0,0,0,0,0,0,232,0,0,0
0,0,0,6,2,0,0,0,0,0,0,0,0,0,0,0,0,0,0,0,2,1,1,0,0,0,0,492,74,0,0,0,0,0,0,0,0,0,0,0,0,0,0,0,463,104,63,0
0,0,0,18,1,0,0,0,0,0,0,1,0,0,0,0,0,0,1,0,3,1,1,0,0,0,0,1179,53,0,0,0,0,0,0,59,0,0,0,0,0,0,33,0,226,19,26,0
0,0,0,3,0,0,0,0,0,0,0,0,0,0,0,0,0,0,0,0,2,0,0,0,0,0,0,1347,0,0,0,0,0,0,0,0,0,0,0,0,0,0,0,0,260,0,0,0
0,0,0,3,0,0,0,0,0,0,0,0,0,0,0,0,0,0,0,0,2,0,0,0,0,0,0,1638,0,0,0,0,0,0,0,0,0,0,0,0,0,0,0,0,255,0,0,0
0,0,0,3,0,0,0,0,0,0,0,1,0,0,0,0,0,0,0,0,2,0,1,0,0,0,0,2031,0,0,0,0,0,0,0,68,0,0,0,0,0,0,0,0,187,0,80,0
0,0,0,3,0,0,0,0,0,0,0,0,0,0,0,0,0,0,0,0,2,0,0,0,0,0,0,1836,0,0,0,0,0,0,0,0,0,0,0,0,0,0,0,0,188,0,0,0
0,0,0,3,0,0,0,0,0,0,0,0,0,0,0,0,0,0,0,0,2,0,0,0,0,0,0,1644,0,0,0,0,0,0,0,0,0,0,0,0,0,0,0,0,144,0,0,0
0,0,0,6,0,0,0,0,0,0,0,0,0,0,0,0,0,0,0,0,2,1,2,0,0,0,0,2205,0,0,0,0,0,0,0,0,0,0,0,0,0,0,0,0,126,169,246,0
0,0,0,6,0,1,0,0,0,0,0,0,0,0,0,0,0,0,0,0,2,0,0,0,0,0,0,1269,0,72,0,0,0,0,0,0,0,0,0,0,0,0,0,0,211,0,0,0
0,0,0,9,1,1,0,0,0,0,0,0,0,0,0,0,0,0,0,0,8,1,0,0,0,0,0,1002,27,32,0,0,0,0,0,0,0,0,0,0,0,0,0,0,305,417,0,0
0,0,0,9,0,0,0,0,0,0,0,0,0,0,0,0,0,0,0,0,2,0,0,0,0,0,0,1437,0,0,0,0,0,0,0,0,0,0,0,0,0,0,0,0,264,0,0,0
0,0,0,15,1,1,0,0,0,0,0,0,0,0,0,0,0,0,0,0,2,2,1,0,0,0,0,1383,65,45,0,0,0,0,0,0,0,0,0,0,0,0,0,0,177,172,31,0
0,0,0,24,0,1,0,0,0,0,0,1,0,0,0,0,0,0,0,8,4,0,1,0,0,0,0,1812,0,28,0,0,0,0,0,16,0,0,0,0,0,0,0,592,245,0,24,0
0,0,0,3,1,1,0,0,0,0,0,0,0,0,0,0,0,0,1,0,2,1,0,0,0,0,0,270,60,46,0,0,0,0,0,0,0,0,0,0,0,0,288,0,236,78,0,0
0,0,0,9,1,0,0,0,0,0,2,2,0,0,0,0,0,0,1,0,14,0,1,0,0,0,0,1245,130,0,0,0,0,0,80,66,0,0,0,0,0,0,104,0,336,0,86,0
0,0,0,6,0,0,0,0,0,0,0,0,0,0,0,0,0,0,0,0,2,0,0,0,0,0,0,1431,0,0,0,0,0,0,0,0,0,0,0,0,0,0,0,0,226,0,0,0
0,0,0,12,0,3,0,0,0,0,0,1,0,0,0,0,0,0,0,0,5,0,1,0,0,0,0,849,0,201,0,0,0,0,0,73,0,0,0,0,0,0,0,0,750,0,76,0
0,0,0,12,1,0,0,0,0,0,2,4,0,0,0,0,0,0,0,0,2,0,1,0,0,0,0,1692,415,0,0,0,0,0,122,125,0,0,0,0,0,0,0,0,82,0,179,0
0,0,0,3,0,0,0,0,0,0,0,0,0,0,0,0,0,0,0,0,3,0,0,0,0,0,0,1581,0,0,0,0,0,0,0,0,0,0,0,0,0,0,0,0,206,0,0,0
0,0,0,6,1,1,0,0,0,0,2,0,0,0,0,0,0,0,0,0,3,2,1,0,0,0,0,2688,98,357,0,0,0,0,93,0,0,0,0,0,0,0,0,0,269,126,237,0
0,0,0,12,0,0,0,0,0,0,2,1,0,0,0,0,0,0,0,0,3,0,1,0,0,0,0,1956,0,0,0,0,0,0,90,62,0,0,0,0,0,0,0,0,233,0,38,0
0,0,0,12,2,1,0,0,0,0,2,0,0,0,0,0,0,0,1,4,12,1,0,0,0,0,0,978,221,93,0,0,0,0,92,0,0,0,0,0,0,0,48,104,366,210,0,0
0,0,0,12,0,2,0,0,0,0,2,0,0,0,0,0,0,0,0,0,3,1,1,0,0,0,0,1218,0,64,0,0,0,0,53,0,0,0,0,0,0,0,0,0,226,171,140,0
0,0,0,6,0,0,0,0,0,0,2,0,0,0,0,0,0,0,0,0,11,3,0,0,0,0,0,1056,0,0,0,0,0,0,65,0,0,0,0,0,0,0,0,0,439,271,0,0
0,0,0,15,0,0,0,0,0,0,0,0,0,0,0,0,0,0,0,0,2,2,1,0,0,0,0,2229,0,0,0,0,0,0,0,0,0,0,0,0,0,0,0,0,363,376,48,0
0,0,0,3,0,0,0,0,0,0,2,0,0,0,0,0,0,0,0,0,6,2,1,0,0,0,0,2490,0,0,0,0,0,0,132,0,0,0,0,0,0,0,0,0,398,271,231,0
0,0,0,6,0,5,0,0,0,0,1,0,0,0,0,0,0,0,1,0,2,2,1,0,0,0,0,189,0,477,0,0,0,0,40,0,0,0,0,0,0,0,135,0,447,76,69,0
0,0,0,3,0,2,0,0,0,0,0,0,0,0,0,0,0,0,0,0,2,1,0,0,0,0,0,993,0,93,0,0,0,0,0,0,0,0,0,0,0,0,0,0,322,109,0,0
0,0,0,12,0,1,0,0,0,0,0,0,0,0,0,0,0,0,0,0,5,2,0,0,0,0,0,2985,0,24,0,0,0,0,0,0,0,0,0,0,0,0,0,0,290,80,0,0
0,0,0,3,0,0,0,0,0,0,0,0,0,0,0,0,0,0,0,0,2,0,0,0,0,0,0,756,0,0,0,0,0,0,0,0,0,0,0,0,0,0,0,0,291,0,0,0
0,0,0,6,0,0,0,0,0,0,0,0,0,0,0,0,0,0,0,0,2,0,0,0,0,0,0,963,0,0,0,0,0,0,0,0,0,0,0,0,0,0,0,0,145,0,0,0
0,0,0,9,2,3,0,0,0,0,3,0,0,0,0,0,0,0,0,0,6,3,1,0,0,0,0,1656,127,133,0,0,0,0,125,0,0,0,0,0,0,0,0,0,398,110,119,0
0,0,0,24,1,0,0,0,0,0,2,1,0,0,0,0,0,0,0,0,4,1,1,0,0,0,0,1872,114,0,0,0,0,0,68,45,0,0,0,0,0,0,0,0,208,212,54,0
0,0,0,9,0,0,0,0,0,0,0,0,0,0,0,0,0,0,0,0,2,0,0,0,0,0,0,2088,0,0,0,0,0,0,0,0,0,0,0,0,0,0,0,0,263,0,0,0
0,0,0,9,1,0,0,0,0,0,0,0,0,0,0,0,0,0,0,0,2,2,1,0,0,0,0,1815,32,0,0,0,0,0,0,0,0,0,0,0,0,0,0,0,269,167,248,0
0,0,0,6,0,1,0,0,0,0,1,0,0,0,0,0,0,0,0,0,2,3,0,0,0,0,0,1848,0,17,0,0,0,0,53,0,0,0,0,0,0,0,0,0,277,368,0,0
0,0,0,15,0,0,0,0,0,0,1,1,0,0,0,0,0,0,0,0,2,4,1,0,0,0,0,4035,0,0,0,0,0,0,47,54,0,0,0,0,0,0,0,0,215,202,40,0
0,0,0,18,0,0,0,0,0,0,0,0,0,0,0,0,0,0,0,0,4,0,0,0,0,0,0,3561,0,0,0,0,0,0,0,0,0,0,0,0,0,0,0,0,307,0,0,0
1,7,0,0,0,0,0,0,0,0,0,0,9,0,0,0,2,0,0,4,0,0,0,0,95,711,0,0,0,0,0,0,0,0,0,0,921,0,0,0,341,0,0,344,0,0,0,0
1,1,0,0,0,0,0,0,0,0,0,0,12,0,0,0,0,0,0,16,0,0,0,0,153,115,0,0,0,0,0,0,0,0,0,0,1440,0,0,0,0,0,0,496,0,0,0,0
6,1,0,0,0,0,0,0,0,0,0,0,0,0,0,0,1,0,0,0,0,0,0,0,631,342,0,0,0,0,0,0,0,0,0,0,0,0,0,0,385,0,0,0,0,0,0,0
4,3,0,0,0,0,0,0,0,0,0,0,9,0,0,0,2,0,0,0,0,0,0,0,374,408,0,0,0,0,0,0,0,0,0,0,849,0,0,0,334,0,0,0,0,0,0,0
0,5,0,0,0,0,0,0,0,0,0,0,9,0,0,0,2,0,0,0,0,0,0,0,0,479,0,0,0,0,0,0,0,0,0,0,819,0,0,0,334,0,0,0,0,0,0,0
2,6,0,0,0,0,0,0,0,0,0,0,9,0,0,0,1,0,0,0,0,0,0,0,238,361,0,0,0,0,0,0,0,0,0,0,1137,0,0,0,316,0,0,0,0,0,0,0
0,6,0,0,0,0,0,0,0,0,0,0,9,0,0,0,1,0,0,0,0,0,0,0,0,1548,0,0,0,0,0,0,0,0,0,0,654,0,0,0,482,0,0,0,0,0,0,0
1,3,0,0,0,0,0,0,0,0,0,0,6,0,0,0,4,0,0,0,0,0,0,0,293,299,0,0,0,0,0,0,0,0,0,0,1146,0,0,0,439,0,0,0,0,0,0,0
2,3,0,0,0,0,0,0,0,0,0,0,15,0,0,0,2,0,0,0,0,0,0,0,193,620,0,0,0,0,0,0,0,0,0,0,1596,0,0,0,380,0,0,0,0,0,0,0
0,3,0,0,0,0,0,0,0,0,0,0,12,0,0,0,2,0,0,0,0,0,0,0,0,696,0,0,0,0,0,0,0,0,0,0,945,0,0,0,466,0,0,0,0,0,0,0
1,2,0,0,0,0,0,0,0,0,0,0,15,0,0,0,4,0,0,4,0,0,0,0,102,403,0,0,0,0,0,0,0,0,0,0,2727,0,0,0,303,0,0,132,0,0,0,0
6,3,0,0,0,0,0,0,0,0,0,0,12,0,0,0,0,0,0,16,0,0,0,0,620,321,0,0,0,0,0,0,0,0,0,0,1881,0,0,0,0,0,0,1972,0,0,0,0
4,2,0,0,0,0,0,0,0,0,0,0,12,0,0,0,2,0,0,0,0,0,0,0,615,291,0,0,0,0,0,0,0,0,0,0,1497,0,0,0,175,0,0,0,0,0,0,0
1,4,0,0,0,0,0,0,0,0,0,0,9,0,0,0,4,0,0,20,0,0,0,0,239,163,0,0,0,0,0,0,0,0,0,0,882,0,0,0,355,0,0,612,0,0,0,0
0,2,0,0,0,0,0,0,0,0,0,0,9,0,0,0,1,0,0,0,0,0,0,0,0,326,0,0,0,0,0,0,0,0,0,0,795,0,0,0,864,0,0,0,0,0,0,0
1,1,0,0,0,0,0,0,0,0,0,0,6,0,0,0,1,0,0,0,0,0,0,0,151,213,0,0,0,0,0,0,0,0,0,0,849,0,0,0,400,0,0,0,0,0,0,0
1,2,0,0,0,0,0,0,0,0,0,0,9,0,0,0,2,0,0,0,0,0,0,0,161,637,0,0,0,0,0,0,0,0,0,0,1383,0,0,0,232,0,0,0,0,0,0,0
0,4,0,0,0,0,0,0,0,0,0,0,24,0,0,0,1,0,0,0,0,0,0,0,0,389,0,0,0,0,0,0,0,0,0,0,1851,0,0,0,233,0,0,0,0,0,0,0
2,4,0,0,0,0,0,0,0,0,0,0,3,0,0,0,1,0,0,0,0,0,0,0,199,393,0,0,0,0,0,0,0,0,0,0,2052,0,0,0,15,0,0,0,0,0,0,0
1,1,0,0,0,0,0,0,0,0,0,0,9,0,0,0,3,0,0,0,0,0,0,0,189,220,0,0,0,0,0,0,0,0,0,0,1041,0,0,0,238,0,0,0,0,0,0,0
11,4,0,0,0,0,0,0,0,0,0,0,12,0,0,0,4,0,0,4,0,0,0,0,930,267,0,0,0,0,0,0,0,0,0,0,2451,0,0,0,385,0,0,72,0,0,0,0
0,5,0,0,0,0,0,0,0,0,0,0,9,0,0,0,2,0,0,16,0,0,0,0,0,451,0,0,0,0,0,0,0,0,0,0,1536,0,0,0,377,0,0,1372,0,0,0,0
3,2,0,0,0,0,0,0,0,0,0,0,9,0,0,0,1,0,0,0,0,0,0,0,275,293,0,0,0,0,0,0,0,0,0,0,903,0,0,0,377,0,0,0,0,0,0,0
8,7,0,0,0,0,0,0,0,0,0,0,9,0,0,0,2,0,0,0,0,0,0,0,651,403,0,0,0,0,0,0,0,0,0,0,840,0,0,0,264,0,0,0,0,0,0,0
0,6,0,0,0,0,0,0,0,0,0,0,9,0,0,0,6,0,0,0,0,0,0,0,0,570,0,0,0,0,0,0,0,0,0,0,1239,0,0,0,502,0,0,0,0,0,0,0
3,3,0,0,0,0,0,0,0,0,0,0,3,0,0,0,3,0,0,0,0,0,0,0,399,686,0,0,0,0,0,0,0,0,0,0,336,0,0,0,836,0,0,0,0,0,0,0
2,1,0,0,0,0,0,0,0,0,0,0,9,0,0,0,6,0,0,8,0,0,0,0,401,11,0,0,0,0,0,0,0,0,0,0,741,0,0,0,494,0,0,300,0,0,0,0
1,2,0,0,0,0,0,0,0,0,0,0,3,0,0,0,1,0,0,0,0,0,0,0,67,394,0,0,0,0,0,0,0,0,0,0,1257,0,0,0,376,0,0,0,0,0,0,0
0,3,0,0,0,0,0,0,0,0,0,0,6,0,0,0,1,0,0,0,0,0,0,0,0,333,0,0,0,0,0,0,0,0,0,0,222,0,0,0,470,0,0,0,0,0,0,0
2,2,0,0,0,0,0,0,0,0,0,0,9,0,0,0,3,0,0,0,0,0,0,0,408,380,0,0,0,0,0,0,0,0,0,0,861,0,0,0,323,0,0,0,0,0,0,0
2,12,0,0,0,0,0,0,0,0,0,0,9,0,0,0,6,0,0,4,0,0,0,0,105,820,0,0,0,0,0,0,0,0,0,0,648,0,0,0,669,0,0,12,0,0,0,0
12,0,0,0,0,0,0,0,0,0,0,0,15,0,0,0,1,0,0,0,0,0,0,0,1089,0,0,0,0,0,0,0,0,0,0,0,1431,0,0,0,258,0,0,0,0,0,0,0
10,1,0,0,0,0,0,0,0,0,0,0,12,0,0,0,2,0,0,0,0,0,0,0,673,115,0,0,0,0,0,0,0,0,0,0,1137,0,0,0,538,0,0,0,0,0,0,0
0,2,0,0,0,0,0,0,0,0,0,0,9,0,0,0,4,0,0,0,0,0,0,0,0,423,0,0,0,0,0,0,0,0,0,0,465,0,0,0,438,0,0,0,0,0,0,0
2,3,0,0,0,0,0,0,0,0,0,0,6,0,0,0,1,0,0,0,0,0,0,0,146,297,0,0,0,0,0,0,0,0,0,0,909,0,0,0,279,0,0,0,0,0,0,0
2,4,0,0,0,0,0,0,0,0,0,0,12,0,0,0,2,0,0,0,0,0,0,0,273,538,0,0,0,0,0,0,0,0,0,0,792,0,0,0,347,0,0,0,0,0,0,0
0,5,0,0,0,0,0,0,0,0,0,0,30,0,0,0,1,0,0,0,0,0,0,0,0,309,0,0,0,0,0,0,0,0,0,0,1110,0,0,0,185,0,0,0,0,0,0,0
2,2,0,0,0,0,0,0,0,0,0,0,12,0,0,0,0,0,0,0,0,0,0,0,179,328,0,0,0,0,0,0,0,0,0,0,945,0,0,0,0,0,0,0,0,0,0,0
0,0,0,0,0,0,0,0,0,0,0,0,12,0,0,0,1,0,0,0,0,0,0,0,0,0,0,0,0,0,0,0,0,0,0,0,672,0,0,0,264,0,0,0,0,0,0,0
0,0,0,0,0,0,0,0,0,0,0,0,3,0,0,0,0,0,0,0,0,0,0,0,0,0,0,0,0,0,0,0,0,0,0,0,2643,0,0,0,0,0,0,0,0,0,0,0
0,0,0,0,0,0,0,0,0,0,0,0,12,0,0,0,1,0,0,0,0,0,0,0,0,0,0,0,0,0,0,0,0,0,0,0,798,0,0,0,317,0,0,0,0,0,0,0
0,2,0,0,0,0,0,0,0,0,0,0,12,0,0,0,1,0,0,0,0,0,0,0,0,129,0,0,0,0,0,0,0,0,0,0,624,0,0,0,344,0,0,0,0,0,0,0
0,0,0,0,0,0,0,0,0,0,0,0,15,0,0,0,0,0,0,32,0,0,0,0,0,0,0,0,0,0,0,0,0,0,0,0,1881,0,0,0,0,0,0,2416,0,0,0,0
0,1,0,0,0,0,0,0,0,0,0,0,15,0,0,0,1,0,0,0,0,0,0,0,0,254,0,0,0,0,0,0,0,0,0,0,705,0,0,0,390,0,0,0,0,0,0,0
0,6,0,0,0,0,0,0,0,0,0,0,9,0,0,0,3,0,0,0,0,0,0,0,0,465,0,0,0,0,0,0,0,0,0,0,1041,0,0,0,214,0,0,0,0,0,0,0
2,3,0,0,0,0,0,0,0,0,0,0,3,0,0,0,1,0,0,0,0,0,0,0,324,538,0,0,0,0,0,0,0,0,0,0,1194,0,0,0,305,0,0,0,0,0,0,0
0,1,0,0,0,0,0,0,0,0,0,0,12,0,0,0,1,0,0,0,0,0,0,0,0,119,0,0,0,0,0,0,0,0,0,0,732,0,0,0,395,0,0,0,0,0,0,0
0,1,0,0,0,0,0,0,0,0,0,0,12,0,0,0,1,0,0,0,0,0,0,0,0,280,0,0,0,0,0,0,0,0,0,0,621,0,0,0,314,0,0,0,0,0,0,0
0,1,0,0,0,0,0,0,0,0,0,0,12,0,0,0,1,0,0,0,0,0,0,0,0,203,0,0,0,0,0,0,0,0,0,0,633,0,0,0,316,0,0,0,0,0,0,0
1,1,0,0,0,0,0,0,0,0,0,0,9,0,0,0,1,0,0,0,0,0,0,0,217,122,0,0,0,0,0,0,0,0,0,0,669,0,0,0,212,0,0,0,0,0,0,0
2,4,0,0,0,0,0,0,0,0,0,0,6,0,0,0,4,0,0,0,0,0,0,0,61,301,0,0,0,0,0,0,0,0,0,0,378,0,0,0,230,0,0,0,0,0,0,0
0,4,0,0,0,0,0,0,0,0,0,0,6,0,0,0,1,0,0,0,0,0,0,0,0,391,0,0,0,0,0,0,0,0,0,0,357,0,0,0,261,0,0,0,0,0,0,0
1,1,0,0,0,0,0,0,0,0,0,0,6,0,0,0,1,0,0,0,0,0,0,0,191,601,0,0,0,0,0,0,0,0,0,0,429,0,0,0,248,0,0,0,0,0,0,0
2,1,0,0,0,0,0,0,0,0,0,0,0,0,0,0,4,0,0,0,0,0,0,0,486,259,0,0,0,0,0,0,0,0,0,0,0,0,0,0,380,0,0,0,0,0,0,0
0,2,0,0,0,0,0,0,0,0,0,0,9,0,0,0,1,0,0,0,0,0,0,0,0,582,0,0,0,0,0,0,0,0,0,0,966,0,0,0,257,0,0,0,0,0,0,0
2,2,0,0,0,0,0,0,0,0,0,0,9,0,0,0,3,0,0,0,0,0,0,0,100,278,0,0,0,0,0,0,0,0,0,0,795,0,0,0,377,0,0,0,0,0,0,0
0,2,0,0,0,0,0,0,0,0,0,0,6,0,0,0,1,0,0,0,0,0,0,0,0,366,0,0,0,0,0,0,0,0,0,0,384,0,0,0,466,0,0,0,0,0,0,0
2,3,0,0,0,0,0,0,0,0,0,0,9,0,0,0,3,0,0,0,0,0,0,0,314,634,0,0,0,0,0,0,0,0,0,0,1014,0,0,0,282,0,0,0,0,0,0,0
9,2,0,0,0,0,0,0,0,0,0,0,9,0,0,0,2,0,0,0,0,0,0,0,973,433,0,0,0,0,0,0,0,0,0,0,849,0,0,0,189,0,0,0,0,0,0,0
0,3,0,0,0,0,0,0,0,0,0,0,9,0,0,0,1,0,0,0,0,0,0,0,0,462,0,0,0,0,0,0,0,0,0,0,660,0,0,0,313,0,0,0,0,0,0,0
0,3,0,0,0,0,0,0,0,0,0,0,9,0,0,0,1,0,0,0,0,0,0,0,0,340,0,0,0,0,0,0,0,0,0,0,1518,0,0,0,332,0,0,0,0,0,0,0
0,4,0,0,0,0,0,0,0,0,0,0,15,0,0,0,1,0,0,0,0,0,0,0,0,363,0,0,0,0,0,0,0,0,0,0,1329,0,0,0,389,0,0,0,0,0,0,0
6,4,0,0,0,0,0,0,0,0,0,0,12,0,0,0,1,0,0,0,0,0,0,0,607,117,0,0,0,0,0,0,0,0,0,0,1572,0,0,0,67,0,0,0,0,0,0,0
8,5,0,0,0,0,0,0,0,0,0,0,0,0,0,0,4,0,0,0,0,0,0,0,491,681,0,0,0,0,0,0,0,0,0,0,0,0,0,0,407,0,0,0,0,0,0,0
2,3,0,0,0,0,0,0,0,0,0,0,3,0,0,0,1,0,0,0,0,0,0,0,126,382,0,0,0,0,0,0,0,0,0,0,915,0,0,0,282,0,0,0,0,0,0,0
1,9,0,0,0,0,0,0,0,0,0,0,9,0,0,0,5,0,0,0,0,0,0,0,310,603,0,0,0,0,0,0,0,0,0,0,792,0,0,0,311,0,0,0,0,0,0,0
2,3,0,0,0,0,0,0,0,0,0,0,12,0,0,0,1,0,0,0,0,0,0,0,162,399,0,0,0,0,0,0,0,0,0,0,795,0,0,0,312,0,0,0,0,0,0,0
0,3,0,0,0,0,0,0,0,0,0,0,9,0,0,0,1,0,0,0,0,0,0,0,0,399,0,0,0,0,0,0,0,0,0,0,708,0,0,0,368,0,0,0,0,0,0,0
2,2,0,0,0,0,0,0,0,0,0,0,3,0,0,0,1,0,0,0,0,0,0,0,314,346,0,0,0,0,0,0,0,0,0,0,540,0,0,0,415,0,0,0,0,0,0,0
2,6,0,0,0,0,0,0,0,0,0,0,3,0,0,0,3,0,0,0,0,0,0,0,417,466,0,0,0,0,0,0,0,0,0,0,306,0,0,0,316,0,0,0,0,0,0,0
0,11,0,0,0,0,0,0,0,0,0,0,9,0,0,0,4,0,0,16,0,0,0,0,0,1482,0,0,0,0,0,0,0,0,0,0,1332,0,0,0,676,0,0,836,0,0,0,0
2,4,0,0,0,0,0,0,0,0,0,0,3,0,0,0,4,0,0,0,0,0,0,0,261,438,0,0,0,0,0,0,0,0,0,0,1197,0,0,0,333,0,0,0,0,0,0,0
0,2,0,0,0,0,0,0,0,0,0,0,12,0,0,0,1,0,0,0,0,0,0,0,0,325,0,0,0,0,0,0,0,0,0,0,663,0,0,0,211,0,0,0,0,0,0,0
2,3,0,0,0,0,0,0,0,0,0,0,9,0,0,0,1,0,0,0,0,0,0,0,288,360,0,0,0,0,0,0,0,0,0,0,900,0,0,0,239,0,0,0,0,0,0,0
0,5,0,0,0,0,0,0,0,0,0,0,27,0,0,0,1,0,0,0,0,0,0,0,0,587,0,0,0,0,0,0,0,0,0,0,2049,0,0,0,319,0,0,0,0,0,0,0
0,4,0,0,0,0,0,0,0,0,0,0,12,0,0,0,2,0,0,0,0,0,0,0,0,426,0,0,0,0,0,0,0,0,0,0,756,0,0,0,686,0,0,0,0,0,0,0
2,2,0,0,0,0,0,0,0,0,0,0,6,0,0,0,1,0,0,0,0,0,0,0,234,454,0,0,0,0,0,0,0,0,0,0,570,0,0,0,333,0,0,0,0,0,0,0
2,1,0,0,0,0,0,0,0,0,0,0,6,0,0,0,1,0,0,4,0,0,0,0,245,399,0,0,0,0,0,0,0,0,0,0,675,0,0,0,269,0,0,88,0,0,0,0
2,4,0,0,0,0,0,0,0,0,0,0,3,0,0,0,1,0,0,0,0,0,0,0,141,339,0,0,0,0,0,0,0,0,0,0,1113,0,0,0,269,0,0,0,0,0,0,0
9,1,0,0,0,0,0,0,0,0,0,0,18,0,0,0,1,0,0,0,0,0,0,0,731,259,0,0,0,0,0,0,0,0,0,0,2949,0,0,0,398,0,0,0,0,0,0,0
0,6,0,0,0,0,0,0,0,0,0,0,9,0,0,0,1,0,0,0,0,0,0,0,0,467,0,0,0,0,0,0,0,0,0,0,1671,0,0,0,301,0,0,0,0,0,0,0
2,1,0,0,0,0,0,0,0,0,0,0,12,0,0,0,1,0,0,0,0,0,0,0,118,188,0,0,0,0,0,0,0,0,0,0,498,0,0,0,220,0,0,0,0,0,0,0
2,1,0,0,0,0,0,0,0,0,0,0,12,0,0,0,1,0,0,0,0,0,0,0,258,197,0,0,0,0,0,0,0,0,0,0,849,0,0,0,374,0,0,0,0,0,0,0
0,1,0,0,0,0,0,0,0,0,0,0,12,0,0,0,1,0,0,0,0,0,0,0,0,220,0,0,0,0,0,0,0,0,0,0,618,0,0,0,294,0,0,0,0,0,0,0
0,0,0,0,0,0,0,0,0,0,0,0,9,0,0,0,1,0,0,0,0,0,0,0,0,0,0,0,0,0,0,0,0,0,0,0,405,0,0,0,716,0,0,0,0,0,0,0
3,3,0,0,0,0,0,0,0,0,0,0,3,0,0,0,1,0,0,0,0,0,0,0,192,408,0,0,0,0,0,0,0,0,0,0,1452,0,0,0,222,0,0,0,0,0,0,0
7,1,0,0,0,0,0,0,0,0,0,0,15,0,0,0,3,0,0,0,0,0,0,0,639,378,0,0,0,0,0,0,0,0,0,0,1818,0,0,0,570,0,0,0,0,0,0,0
3,2,0,0,0,0,0,0,0,0,0,0,9,0,0,0,1,0,0,0,0,0,0,0,503,537,0,0,0,0,0,0,0,0,0,0,960,0,0,0,373,0,0,0,0,0,0,0
2,4,0,0,0,0,0,0,0,0,0,0,12,0,0,0,3,0,0,32,0,0,0,0,277,274,0,0,0,0,0,0,0,0,0,0,996,0,0,0,233,0,0,2604,0,0,0,0
0,3,0,0,0,0,0,0,0,0,0,0,12,0,0,0,1,0,0,0,0,0,0,0,0,382,0,0,0,0,0,0,0,0,0,0,528,0,0,0,306,0,0,0,0,0,0,0
2,1,0,0,0,0,0,0,0,0,0,0,9,0,0,0,1,0,0,0,0,0,0,0,193,172,0,0,0,0,0,0,0,0,0,0,315,0,0,0,247,0,0,0,0,0,0,0
0,3,0,0,0,0,0,0,0,0,0,0,9,0,0,0,1,0,0,0,0,0,0,0,0,314,0,0,0,0,0,0,0,0,0,0,477,0,0,0,255,0,0,0,0,0,0,0
8,2,0,0,0,0,0,0,0,0,0,0,12,0,0,0,2,0,0,8,0,0,0,0,381,124,0,0,0,0,0,0,0,0,0,0,783,0,0,0,71,0,0,376,0,0,0,0
0,5,0,0,0,0,0,0,0,0,0,0,18,0,0,0,8,0,0,0,0,0,0,0,0,443,0,0,0,0,0,0,0,0,0,0,1347,0,0,0,1163,0,0,0,0,0,0,0
1,4,0,0,0,0,0,0,0,0,0,0,6,0,0,0,5,0,0,0,0,0,0,0,224,330,0,0,0,0,0,0,0,0,0,0,1005,0,0,0,333,0,0,0,0,0,0,0
6,3,0,0,0,0,0,0,0,0,0,0,12,0,0,0,2,0,0,4,0,0,0,0,389,261,0,0,0,0,0,0,0,0,0,0,1155,0,0,0,244,0,0,308,0,0,0,0
0,5,0,0,0,0,0,0,0,0,0,0,12,0,0,0,3,0,0,0,0,0,0,0,0,1258,0,0,0,0,0,0,0,0,0,0,954,0,0,0,301,0,0,0,0,0,0,0
2,1,0,0,0,0,0,0,0,0,0,0,0,0,0,0,4,0,0,0,0,0,0,0,175,291,0,0,0,0,0,0,0,0,0,0,0,0,0,0,685,0,0,0,0,0,0,0
2,3,0,0,0,0,0,0,0,0,0,0,12,0,0,0,4,0,0,0,0,0,0,0,510,430,0,0,0,0,0,0,0,0,0,0,888,0,0,0,566,0,0,0,0,0,0,0
0,6,0,0,0,0,0,0,0,0,0,0,15,0,0,0,3,0,0,0,0,0,0,0,0,332,0,0,0,0,0,0,0,0,0,0,1548,0,0,0,267,0,0,0,0,0,0,0
0,3,0,0,0,0,0,0,0,0,0,0,12,0,0,0,1,0,0,0,0,0,0,0,0,312,0,0,0,0,0,0,0,0,0,0,615,0,0,0,258,0,0,0,0,0,0,0
1,4,0,0,0,0,0,0,0,0,0,0,9,0,0,0,3,0,0,4,0,0,0,0,213,833,0,0,0,0,0,0,0,0,0,0,489,0,0,0,374,0,0,96,0,0,0,0
2,4,0,0,0,0,0,0,0,0,0,0,9,0,0,0,2,0,0,0,0,0,0,0,273,556,0,0,0,0,0,0,0,0,0,0,633,0,0,0,285,0,0,0,0,0,0,0
1,1,0,0,0,0,0,0,0,0,0,0,3,0,0,0,1,0,0,0,0,0,0,0,166,383,0,0,0,0,0,0,0,0,0,0,1200,0,0,0,613,0,0,0,0,0,0,0
2,1,0,0,0,0,0,0,0,0,0,0,6,0,0,0,3,0,0,0,0,0,0,0,409,99,0,0,0,0,0,0,0,0,0,0,870,0,0,0,445,0,0,0,0,0,0,0
0,3,0,0,0,0,0,0,0,0,0,0,6,0,0,0,1,0,0,0,0,0,0,0,0,710,0,0,0,0,0,0,0,0,0,0,822,0,0,0,306,0,0,0,0,0,0,0
0,8,0,0,0,0,0,0,0,0,0,0,18,0,0,0,1,0,0,0,0,0,0,0,0,785,0,0,0,0,0,0,0,0,0,0,1650,0,0,0,237,0,0,0,0,0,0,0
0,2,0,0,0,0,0,0,0,0,0,0,6,0,0,0,1,0,0,4,0,0,0,0,0,336,0,0,0,0,0,0,0,0,0,0,945,0,0,0,347,0,0,784,0,0,0,0
1,1,0,0,0,0,0,0,0,0,0,0,6,0,0,0,2,0,0,0,0,0,0,0,179,387,0,0,0,0,0,0,0,0,0,0,816,0,0,0,232,0,0,0,0,0,0,0
0,6,0,0,0,0,0,0,0,0,0,0,6,0,0,0,2,0,0,0,0,0,0,0,0,1256,0,0,0,0,0,0,0,0,0,0,834,0,0,0,783,0,0,0,0,0,0,0
2,2,0,0,0,0,0,0,0,0,0,0,9,0,0,0,1,0,0,0,0,0,0,0,350,316,0,0,0,0,0,0,0,0,0,0,1254,0,0,0,321,0,0,0,0,0,0,0
5,2,0,0,0,0,0,0,0,0,0,0,3,0,0,0,1,0,0,0,0,0,0,0,487,333,0,0,0,0,0,0,0,0,0,0,1248,0,0,0,333,0,0,0,0,0,0,0
0,3,0,0,0,0,0,0,0,0,0,0,21,0,0,0,4,0,0,0,0,0,0,0,0,208,0,0,0,0,0,0,0,0,0,0,1713,0,0,0,291,0,0,0,0,0,0,0
2,3,0,0,0,0,0,0,0,0,0,0,3,0,0,0,0,0,0,0,0,0,0,0,329,398,0,0,0,0,0,0,0,0,0,0,2511,0,0,0,0,0,0,0,0,0,0,0
2,2,0,0,0,0,0,0,0,0,0,0,12,0,0,0,3,0,0,0,0,0,0,0,435,689,0,0,0,0,0,0,0,0,0,0,978,0,0,0,305,0,0,0,0,0,0,0
2,1,0,0,0,0,0,0,0,0,0,0,15,0,0,0,2,0,0,0,0,0,0,0,648,224,0,0,0,0,0,0,0,0,0,0,1476,0,0,0,441,0,0,0,0,0,0,0
0,3,0,0,0,0,0,0,0,0,0,0,9,0,0,0,2,0,0,0,0,0,0,0,0,322,0,0,0,0,0,0,0,0,0,0,603,0,0,0,228,0,0,0,0,0,0,0
1,4,0,0,0,0,0,0,0,0,0,0,9,0,0,0,4,0,0,0,0,0,0,0,253,119,0,0,0,0,0,0,0,0,0,0,1263,0,0,0,489,0,0,0,0,0,0,0
0,5,0,0,0,0,0,0,0,0,0,0,18,0,0,0,1,0,0,0,0,0,0,0,0,293,0,0,0,0,0,0,0,0,0,0,711,0,0,0,174,0,0,0,0,0,0,0
2,3,0,0,0,0,0,0,0,0,0,0,6,0,0,0,4,0,0,0,0,0,0,0,294,262,0,0,0,0,0,0,0,0,0,0,384,0,0,0,275,0,0,0,0,0,0,0
4,1,0,0,0,0,0,0,0,0,0,0,3,0,0,0,1,0,0,0,0,0,0,0,175,204,0,0,0,0,0,0,0,0,0,0,360,0,0,0,479,0,0,0,0,0,0,0
9,5,0,0,0,0,0,0,0,0,0,0,9,0,0,0,4,0,0,0,0,0,0,0,566,182,0,0,0,0,0,0,0,0,0,0,1089,0,0,0,529,0,0,0,0,0,0,0
5,2,0,0,0,0,0,0,0,0,0,0,6,0,0,0,4,0,0,0,0,0,0,0,331,271,0,0,0,0,0,0,0,0,0,0,585,0,0,0,388,0,0,0,0,0,0,0
0,1,0,0,0,0,0,0,0,0,0,0,12,0,0,0,1,0,0,0,0,0,0,0,0,245,0,0,0,0,0,0,0,0,0,0,1059,0,0,0,211,0,0,0,0,0,0,0
1,3,0,0,0,0,0,0,0,0,0,0,3,0,0,0,1,0,0,0,0,0,0,0,144,519,0,0,0,0,0,0,0,0,0,0,873,0,0,0,434,0,0,0,0,0,0,0
2,3,0,0,0,0,0,0,0,0,0,0,12,0,0,0,1,0,0,0,0,0,0,0,416,605,0,0,0,0,0,0,0,0,0,0,1371,0,0,0,257,0,0,0,0,0,0,0
0,1,0,0,0,0,0,0,0,0,0,0,12,0,0,0,1,0,0,0,0,0,0,0,0,320,0,0,0,0,0,0,0,0,0,0,1422,0,0,0,310,0,0,0,0,0,0,0
2,2,0,0,0,0,0,0,0,0,0,0,15,0,0,0,7,0,0,4,0,0,0,0,528,406,0,0,0,0,0,0,0,0,0,0,1416,0,0,0,547,0,0,60,0,0,0,0
11,0,0,0,0,0,0,0,0,0,0,0,6,0,0,0,3,0,0,12,0,0,0,0,1056,0,0,0,0,0,0,0,0,0,0,0,471,0,0,0,606,0,0,872,0,0,0,0
0,4,0,0,0,0,0,0,0,0,0,0,9,0,0,0,1,0,0,0,0,0,0,0,0,407,0,0,0,0,0,0,0,0,0,0,846,0,0,0,194,0,0,0,0,0,0,0
0,8,0,0,0,0,0,0,0,0,0,0,6,0,0,0,3,0,0,0,0,0,0,0,0,958,0,0,0,0,0,0,0,0,0,0,459,0,0,0,314,0,0,0,0,0,0,0
0,0,0,0,0,0,0,0,0,0,0,0,6,0,0,0,1,0,0,32,0,0,0,0,0,0,0,0,0,0,0,0,0,0,0,0,348,0,0,0,463,0,0,1564,0,0,0,0
0,6,0,0,0,0,0,0,0,0,0,0,12,0,0,0,1,0,0,0,0,0,0,0,0,442,0,0,0,0,0,0,0,0,0,0,924,0,0,0,205,0,0,0,0,0,0,0
4,2,0,0,0,0,0,0,0,0,0,0,6,0,0,0,1,0,0,0,0,0,0,0,275,149,0,0,0,0,0,0,0,0,0,0,786,0,0,0,131,0,0,0,0,0,0,0
2,2,0,0,0,0,0,0,0,0,0,0,6,0,0,0,2,0,0,0,0,0,0,0,250,465,0,0,0,0,0,0,0,0,0,0,657,0,0,0,382,0,0,0,0,0,0,0
0,11,0,0,0,0,0,0,0,0,0,0,6,0,0,0,1,0,0,0,0,0,0,0,0,827,0,0,0,0,0,0,0,0,0,0,747,0,0,0,189,0,0,0,0,0,0,0
1,1,0,0,0,0,0,0,0,0,0,0,9,0,0,0,1,0,0,0,0,0,0,0,249,467,0,0,0,0,0,0,0,0,0,0,2124,0,0,0,408,0,0,0,0,0,0,0
4,1,0,0,0,0,0,0,0,0,0,0,9,0,0,0,0,0,0,36,0,0,0,0,90,458,0,0,0,0,0,0,0,0,0,0,2226,0,0,0,0,0,0,1472,0,0,0,0
11,2,0,0,0,0,0,0,0,0,0,0,6,0,0,0,1,0,0,0,0,0,0,0,949,666,0,0,0,0,0,0,0,0,0,0,1461,0,0,0,140,0,0,0,0,0,0,0
1,1,0,0,0,0,0,0,0,0,0,0,9,0,0,0,1,0,0,0,0,0,0,0,233,357,0,0,0,0,0,0,0,0,0,0,819,0,0,0,316,0,0,0,0,0,0,0
4,1,0,0,0,0,0,0,0,0,0,0,18,0,0,0,1,0,0,0,0,0,0,0,913,350,0,0,0,0,0,0,0,0,0,0,1671,0,0,0,252,0,0,0,0,0,0,0
3,7,0,0,0,0,0,0,0,0,0,0,21,0,0,0,2,0,0,0,0,0,0,0,164,768,0,0,0,0,0,0,0,0,0,0,1758,0,0,0,300,0,0,0,0,0,0,0
1,1,0,0,0,0,0,0,0,0,0,0,6,0,0,0,1,0,0,0,0,0,0,0,179,59,0,0,0,0,0,0,0,0,0,0,324,0,0,0,227,0,0,0,0,0,0,0
1,4,0,0,0,0,0,0,0,0,0,0,0,0,0,0,1,0,0,0,0,0,0,0,250,797,0,0,0,0,0,0,0,0,0,0,0,0,0,0,344,0,0,0,0,0,0,0
0,3,0,0,0,0,0,0,0,0,0,0,9,0,0,0,0,0,0,0,0,0,0,0,0,456,0,0,0,0,0,0,0,0,0,0,1287,0,0,0,0,0,0,0,0,0,0,0
2,2,0,0,0,0,0,0,0,0,0,0,0,0,0,0,0,0,0,0,0,0,0,0,629,292,0,0,0,0,0,0,0,0,0,0,0,0,0,0,0,0,0,0,0,0,0,0
2,1,0,0,0,0,0,0,0,0,0,0,3,0,0,0,1,0,0,0,0,0,0,0,201,440,0,0,0,0,0,0,0,0,0,0,804,0,0,0,350,0,0,0,0,0,0,0
2,3,0,0,0,0,0,0,0,0,0,0,9,0,0,0,1,0,0,0,0,0,0,0,489,441,0,0,0,0,0,0,0,0,0,0,345,0,0,0,587,0,0,0,0,0,0,0
1,0,0,0,0,0,0,0,0,0,0,0,21,0,0,0,0,0,0,0,0,0,0,0,86,0,0,0,0,0,0,0,0,0,0,0,1962,0,0,0,0,0,0,0,0,0,0,0
2,3,0,0,0,0,0,0,0,0,0,0,0,0,0,0,4,0,0,0,0,0,0,0,443,420,0,0,0,0,0,0,0,0,0,0,0,0,0,0,447,0,0,0,0,0,0,0
2,1,0,0,0,0,0,0,0,0,0,0,3,0,0,0,1,0,0,0,0,0,0,0,266,294,0,0,0,0,0,0,0,0,0,0,1623,0,0,0,365,0,0,0,0,0,0,0
9,0,0,0,0,0,0,0,0,0,0,0,6,0,0,0,0,0,0,0,0,0,0,0,1425,0,0,0,0,0,0,0,0,0,0,0,4692,0,0,0,0,0,0,0,0,0,0,0
0,9,0,0,0,0,0,0,0,0,0,0,3,0,0,0,1,0,0,0,0,0,0,0,0,223,0,0,0,0,0,0,0,0,0,0,1956,0,0,0,580,0,0,0,0,0,0,0
0,7,0,0,0,0,0,0,0,0,0,0,3,0,0,0,1,0,0,0,0,0,0,0,0,838,0,0,0,0,0,0,0,0,0,0,351,0,0,0,253,0,0,0,0,0,0,0
0,3,0,0,0,0,0,0,0,0,0,0,24,0,0,0,1,0,0,0,0,0,0,0,0,690,0,0,0,0,0,0,0,0,0,0,1371,0,0,0,313,0,0,0,0,0,0,0
0,3,0,0,0,0,0,0,0,0,0,0,9,0,0,0,1,0,0,0,0,0,0,0,0,294,0,0,0,0,0,0,0,0,0,0,1677,0,0,0,204,0,0,0,0,0,0,0
0,2,0,0,0,0,0,0,0,0,0,0,6,0,0,0,2,0,0,0,0,0,0,0,0,246,0,0,0,0,0,0,0,0,0,0,669,0,0,0,317,0,0,0,0,0,0,0
1,0,0,0,0,0,0,0,0,0,0,0,6,0,0,0,1,0,0,0,0,0,0,0,500,0,0,0,0,0,0,0,0,0,0,0,753,0,0,0,178,0,0,0,0,0,0,0
0,2,0,0,0,0,0,0,0,0,0,0,6,0,0,0,1,0,0,0,0,0,0,0,0,221,0,0,0,0,0,0,0,0,0,0,1911,0,0,0,394,0,0,0,0,0,0,0
1,2,0,0,0,0,0,0,0,0,0,0,3,0,0,0,1,0,0,0,0,0,0,0,293,108,0,0,0,0,0,0,0,0,0,0,1047,0,0,0,210,0,0,0,0,0,0,0
5,2,0,0,0,0,0,0,0,0,0,0,6,0,0,0,2,0,0,0,0,0,0,0,461,114,0,0,0,0,0,0,0,0,0,0,618,0,0,0,417,0,0,0,0,0,0,0
0,3,0,0,0,0,0,0,0,0,0,0,12,0,0,0,1,0,0,0,0,0,0,0,0,362,0,0,0,0,0,0,0,0,0,0,603,0,0,0,298,0,0,0,0,0,0,0
0,2,0,0,0,0,0,0,0,0,0,0,9,0,0,0,1,0,0,0,0,0,0,0,0,261,0,0,0,0,0,0,0,0,0,0,741,0,0,0,105,0,0,0,0,0,0,0
0,3,0,0,0,0,0,0,0,0,0,0,12,0,0,0,1,0,0,0,0,0,0,0,0,354,0,0,0,0,0,0,0,0,0,0,522,0,0,0,246,0,0,0,0,0,0,0
0,4,0,0,0,0,0,0,0,0,0,0,6,0,0,0,1,0,0,0,0,0,0,0,0,387,0,0,0,0,0,0,0,0,0,0,321,0,0,0,282,0,0,0,0,0,0,0
0,3,0,0,0,0,0,0,0,0,0,0,6,0,0,0,1,0,0,0,0,0,0,0,0,385,0,0,0,0,0,0,0,0,0,0,357,0,0,0,268,0,0,0,0,0,0,0
2,2,0,0,0,0,0,0,0,0,0,0,12,0,0,0,1,0,0,8,0,0,0,0,246,312,0,0,0,0,0,0,0,0,0,0,831,0,0,0,276,0,0,236,0,0,0,0
0,3,0,0,0,0,0,0,0,0,0,0,12,0,0,0,1,0,0,0,0,0,0,0,0,407,0,0,0,0,0,0,0,0,0,0,591,0,0,0,231,0,0,0,0,0,0,0
0,8,0,0,0,0,0,0,0,0,0,0,24,0,0,0,1,0,0,0,0,0,0,0,0,602,0,0,0,0,0,0,0,0,0,0,1140,0,0,0,277,0,0,0,0,0,0,0
0,2,0,0,0,0,0,0,0,0,0,0,9,0,0,0,4,0,0,0,0,0,0,0,0,216,0,0,0,0,0,0,0,0,0,0,918,0,0,0,256,0,0,0,0,0,0,0
0,9,0,0,0,0,0,0,0,0,0,0,3,0,0,0,1,0,0,0,0,0,0,0,0,279,0,0,0,0,0,0,0,0,0,0,783,0,0,0,74,0,0,0,0,0,0,0
0,6,0,0,0,0,0,0,0,0,0,0,12,0,0,0,3,0,0,0,0,0,0,0,0,363,0,0,0,0,0,0,0,0,0,0,534,0,0,0,411,0,0,0,0,0,0,0
0,1,0,0,0,0,0,0,0,0,0,0,9,0,0,0,1,0,0,0,0,0,0,0,0,68,0,0,0,0,0,0,0,0,0,0,2139,0,0,0,227,0,0,0,0,0,0,0
0,1,0,0,0,0,0,0,0,0,0,0,12,0,0,0,1,0,0,16,0,0,0,0,0,191,0,0,0,0,0,0,0,0,0,0,582,0,0,0,143,0,0,836,0,0,0,0
0,0,0,0,0,0,0,0,0,0,0,0,3,0,0,0,0,0,0,20,0,0,0,0,0,0,0,0,0,0,0,0,0,0,0,0,165,0,0,0,0,0,0,1364,0,0,0,0
0,0,0,0,0,0,0,0,0,0,0,0,0,0,0,0,0,0,0,16,0,0,0,0,0,0,0,0,0,0,0,0,0,0,0,0,0,0,0,0,0,0,0,952,0,0,0,0
0,0,0,0,0,0,0,0,0,0,0,0,0,0,0,0,0,0,0,60,0,0,0,0,0,0,0,0,0,0,0,0,0,0,0,0,0,0,0,0,0,0,0,6464,0,0,0,0
1,0,0,0,0,0,0,0,0,0,0,0,6,0,0,0,1,0,0,0,0,0,0,0,160,0,0,0,0,0,0,0,0,0,0,0,855,0,0,0,613,0,0,0,0,0,0,0
0,4,0,0,0,0,0,0,0,0,0,0,33,0,0,0,1,0,0,0,0,0,0,0,0,249,0,0,0,0,0,0,0,0,0,0,2163,0,0,0,233,0,0,0,0,0,0,0
2,3,0,0,0,0,0,0,0,0,0,0,3,0,0,0,1,0,0,0,0,0,0,0,275,367,0,0,0,0,0,0,0,0,0,0,1263,0,0,0,360,0,0,0,0,0,0,0
2,1,0,0,0,0,0,0,0,0,0,0,12,0,0,0,2,0,0,4,0,0,0,0,227,73,0,0,0,0,0,0,0,0,0,0,1218,0,0,0,512,0,0,188,0,0,0,0
0,5,0,0,0,0,0,0,0,0,0,0,3,0,0,0,0,0,0,0,0,0,0,0,0,505,0,0,0,0,0,0,0,0,0,0,1797,0,0,0,0,0,0,0,0,0,0,0
2,4,0,0,0,0,0,0,0,0,0,0,3,0,0,0,1,0,0,0,0,0,0,0,326,304,0,0,0,0,0,0,0,0,0,0,207,0,0,0,287,0,0,0,0,0,0,0
0,5,0,0,0,0,0,0,0,0,0,0,21,0,0,0,1,0,0,0,0,0,0,0,0,359,0,0,0,0,0,0,0,0,0,0,1200,0,0,0,238,0,0,0,0,0,0,0
2,1,0,0,0,0,0,0,0,0,0,0,15,0,0,0,2,0,0,0,0,0,0,0,198,75,0,0,0,0,0,0,0,0,0,0,960,0,0,0,454,0,0,0,0,0,0,0
1,1,0,0,0,0,0,0,0,0,0,0,12,0,0,0,1,0,0,0,0,0,0,0,110,375,0,0,0,0,0,0,0,0,0,0,1842,0,0,0,377,0,0,0,0,0,0,0
1,2,0,0,0,0,0,0,0,0,0,0,12,0,0,0,2,0,0,0,0,0,0,0,239,218,0,0,0,0,0,0,0,0,0,0,1242,0,0,0,316,0,0,0,0,0,0,0
0,4,0,0,0,0,0,0,0,0,0,0,12,0,0,0,1,0,0,0,0,0,0,0,0,451,0,0,0,0,0,0,0,0,0,0,783,0,0,0,290,0,0,0,0,0,0,0
1,3,0,0,0,0,0,0,0,0,0,0,3,0,0,0,4,0,0,0,0,0,0,0,148,395,0,0,0,0,0,0,0,0,0,0,354,0,0,0,333,0,0,0,0,0,0,0
2,4,0,0,0,0,0,0,0,0,0,0,15,0,0,0,5,0,0,0,0,0,0,0,171,365,0,0,0,0,0,0,0,0,0,0,1185,0,0,0,286,0,0,0,0,0,0,0
0,6,0,0,0,0,0,0,0,0,0,0,9,0,0,0,3,0,0,0,0,0,0,0,0,413,0,0,0,0,0,0,0,0,0,0,525,0,0,0,255,0,0,0,0,0,0,0
2,5,0,0,0,0,0,0,0,0,0,0,6,0,0,0,4,0,0,4,0,0,0,0,185,528,0,0,0,0,0,0,0,0,0,0,315,0,0,0,289,0,0,68,0,0,0,0
0,6,0,0,0,0,0,0,0,0,0,0,24,0,0,0,6,0,0,0,0,0,0,0,0,518,0,0,0,0,0,0,0,0,0,0,1374,0,0,0,690,0,0,0,0,0,0,0
3,3,0,0,0,0,0,0,0,0,0,0,6,0,0,0,2,0,0,0,0,0,0,0,249,313,0,0,0,0,0,0,0,0,0,0,636,0,0,0,264,0,0,0,0,0,0,0
2,3,0,0,0,0,0,0,0,0,0,0,6,0,0,0,0,0,0,0,0,0,0,0,352,359,0,0,0,0,0,0,0,0,0,0,669,0,0,0,0,0,0,0,0,0,0,0
2,2,0,0,0,0,0,0,0,0,0,0,6,0,0,0,2,0,0,0,0,0,0,0,571,442,0,0,0,0,0,0,0,0,0,0,831,0,0,0,455,0,0,0,0,0,0,0
0,1,0,0,0,0,0,0,0,0,0,0,3,0,0,0,1,0,0,0,0,0,0,0,0,214,0,0,0,0,0,0,0,0,0,0,168,0,0,0,141,0,0,0,0,0,0,0
0,1,0,0,0,0,0,0,0,0,0,0,0,0,0,0,1,0,0,0,0,0,0,0,0,208,0,0,0,0,0,0,0,0,0,0,0,0,0,0,229,0,0,0,0,0,0,0
0,1,0,0,0,0,0,0,0,0,0,0,3,0,0,0,1,0,0,0,0,0,0,0,0,526,0,0,0,0,0,0,0,0,0,0,225,0,0,0,150,0,0,0,0,0,0,0
0,2,0,0,0,0,0,0,0,0,0,0,12,0,0,0,1,0,0,0,0,0,0,0,0,186,0,0,0,0,0,0,0,0,0,0,2604,0,0,0,202,0,0,0,0,0,0,0
0,4,0,0,0,0,0,0,0,0,0,0,27,0,0,0,2,0,0,0,0,0,0,0,0,278,0,0,0,0,0,0,0,0,0,0,1776,0,0,0,229,0,0,0,0,0,0,0
2,4,0,0,0,0,0,0,0,0,0,0,3,0,0,0,5,0,0,0,0,0,0,0,276,561,0,0,0,0,0,0,0,0,0,0,357,0,0,0,614,0,0,0,0,0,0,0
11,2,0,0,0,0,0,0,0,0,0,0,6,0,0,0,3,0,0,8,0,0,0,0,803,112,0,0,0,0,0,0,0,0,0,0,744,0,0,0,403,0,0,220,0,0,0,0
2,3,0,0,0,0,0,0,0,0,0,0,6,0,0,0,2,0,0,0,0,0,0,0,226,476,0,0,0,0,0,0,0,0,0,0,507,0,0,0,227,0,0,0,0,0,0,0
0,6,0,0,0,0,0,0,0,0,0,0,18,0,0,0,1,0,0,0,0,0,0,0,0,527,0,0,0,0,0,0,0,0,0,0,1086,0,0,0,361,0,0,0,0,0,0,0
1,1,0,0,0,0,0,0,0,0,0,0,3,0,0,0,2,0,0,44,0,0,0,0,191,303,0,0,0,0,0,0,0,0,0,0,654,0,0,0,405,0,0,3188,0,0,0,0
0,10,0,0,0,0,0,0,0,0,0,0,9,0,0,0,7,0,0,0,0,0,0,0,0,638,0,0,0,0,0,0,0,0,0,0,960,0,0,0,620,0,0,0,0,0,0,0
0,3,0,0,0,0,0,0,0,0,0,0,12,0,0,0,2,0,0,0,0,0,0,0,0,494,0,0,0,0,0,0,0,0,0,0,372,0,0,0,317,0,0,0,0,0,0,0
2,3,0,0,0,0,0,0,0,0,0,0,3,0,0,0,1,0,0,0,0,0,0,0,170,321,0,0,0,0,0,0,0,0,0,0,1212,0,0,0,280,0,0,0,0,0,0,0
2,5,0,0,0,0,0,0,0,0,0,0,18,0,0,0,2,0,0,0,0,0,0,0,499,588,0,0,0,0,0,0,0,0,0,0,1914,0,0,0,299,0,0,0,0,0,0,0
9,3,0,0,0,0,0,0,0,0,0,0,12,0,0,0,3,0,0,0,0,0,0,0,395,378,0,0,0,0,0,0,0,0,0,0,2391,0,0,0,226,0,0,0,0,0,0,0
2,3,0,0,0,0,0,0,0,0,0,0,3,0,0,0,2,0,0,0,0,0,0,0,468,269,0,0,0,0,0,0,0,0,0,0,1131,0,0,0,265,0,0,0,0,0,0,0
2,1,0,0,0,0,0,0,0,0,0,0,15,0,0,0,1,0,0,40,0,0,0,0,275,264,0,0,0,0,0,0,0,0,0,0,2379,0,0,0,82,0,0,2424,0,0,0,0
0,3,0,0,0,0,0,0,0,0,0,0,6,0,0,0,2,0,0,0,0,0,0,0,0,454,0,0,0,0,0,0,0,0,0,0,954,0,0,0,313,0,0,0,0,0,0,0
3,3,0,0,0,0,0,0,0,0,0,0,6,0,0,0,1,0,0,0,0,0,0,0,411,379,0,0,0,0,0,0,0,0,0,0,576,0,0,0,247,0,0,0,0,0,0,0
0,6,0,0,0,0,0,0,0,0,0,0,24,0,0,0,1,0,0,0,0,0,0,0,0,551,0,0,0,0,0,0,0,0,0,0,1332,0,0,0,257,0,0,0,0,0,0,0
2,2,0,0,0,0,0,0,0,0,0,0,15,0,0,0,4,0,0,0,0,0,0,0,524,315,0,0,0,0,0,0,0,0,0,0,1047,0,0,0,361,0,0,0,0,0,0,0
0,4,0,0,0,0,0,0,0,0,0,0,12,0,0,0,1,0,0,0,0,0,0,0,0,451,0,0,0,0,0,0,0,0,0,0,882,0,0,0,438,0,0,0,0,0,0,0
0,4,0,0,0,0,0,0,0,0,0,0,12,0,0,0,1,0,0,0,0,0,0,0,0,507,0,0,0,0,0,0,0,0,0,0,513,0,0,0,512,0,0,0,0,0,0,0
2,4,0,0,0,0,0,0,0,0,0,0,12,0,0,0,2,0,0,0,0,0,0,0,201,581,0,0,0,0,0,0,0,0,0,0,1083,0,0,0,487,0,0,0,0,0,0,0
4,2,0,0,0,0,0,0,0,0,0,0,3,0,0,0,2,0,0,0,0,0,0,0,251,307,0,0,0,0,0,0,0,0,0,0,1659,0,0,0,288,0,0,0,0,0,0,0
3,2,0,0,0,0,0,0,0,0,0,0,6,0,0,0,3,0,0,0,0,0,0,0,470,260,0,0,0,0,0,0,0,0,0,0,372,0,0,0,419,0,0,0,0,0,0,0
4,1,0,0,0,0,0,0,0,0,0,0,24,0,0,0,1,0,0,4,0,0,0,0,571,365,0,0,0,0,0,0,0,0,0,0,2499,0,0,0,274,0,0,68,0,0,0,0
0,7,0,0,0,0,0,0,0,0,0,0,24,0,0,0,3,0,0,0,0,0,0,0,0,696,0,0,0,0,0,0,0,0,0,0,1407,0,0,0,543,0,0,0,0,0,0,0
0,6,0,0,0,0,0,0,0,0,0,0,9,0,0,0,2,0,0,0,0,0,0,0,0,354,0,0,0,0,0,0,0,0,0,0,399,0,0,0,228,0,0,0,0,0,0,0
0,1,0,0,0,0,0,0,0,0,0,0,9,0,0,0,2,0,0,0,0,0,0,0,0,210,0,0,0,0,0,0,0,0,0,0,708,0,0,0,284,0,0,0,0,0,0,0
1,4,0,0,0,0,0,0,0,0,0,0,12,0,0,0,3,0,0,0,0,0,0,0,136,906,0,0,0,0,0,0,0,0,0,0,1965,0,0,0,123,0,0,0,0,0,0,0
0,5,0,0,0,0,0,0,0,0,0,0,9,0,0,0,2,0,0,0,0,0,0,0,0,346,0,0,0,0,0,0,0,0,0,0,492,0,0,0,186,0,0,0,0,0,0,0
0,8,0,0,0,0,0,0,0,0,0,0,21,0,0,0,1,0,0,0,0,0,0,0,0,545,0,0,0,0,0,0,0,0,0,0,1863,0,0,0,335,0,0,0,0,0,0,0
0,1,0,0,0,0,0,0,0,0,0,0,3,0,0,0,3,0,0,0,0,0,0,0,0,379,0,0,0,0,0,0,0,0,0,0,870,0,0,0,382,0,0,0,0,0,0,0
2,0,0,0,0,0,0,0,0,0,0,0,6,0,0,0,0,0,0,0,0,0,0,0,349,0,0,0,0,0,0,0,0,0,0,0,3270,0,0,0,0,0,0,0,0,0,0,0
5,1,0,0,0,0,0,0,0,0,0,0,0,0,0,0,4,0,0,0,0,0,0,0,931,124,0,0,0,0,0,0,0,0,0,0,0,0,0,0,727,0,0,0,0,0,0,0
8,1,0,0,0,0,0,0,0,0,0,0,0,0,0,0,4,0,0,8,0,0,0,0,1011,573,0,0,0,0,0,0,0,0,0,0,0,0,0,0,542,0,0,676,0,0,0,0
0,0,0,3,0,0,2,0,0,4,0,0,12,0,0,0,0,2,0,0,0,0,0,0,0,0,0,1134,0,0,169,0,0,394,0,0,633,0,0,0,0,84,0,0,0,0,0,0
0,0,0,6,0,0,1,0,0,2,0,0,9,0,0,0,0,0,0,0,0,0,0,0,0,0,0,1035,0,0,120,0,0,378,0,0,321,0,0,0,0,0,0,0,0,0,0,0
0,0,0,9,0,0,2,0,0,0,0,0,12,3,1,0,0,4,0,0,0,0,0,0,0,0,0,1218,0,0,105,0,0,0,0,0,1293,138,100,0,0,80,0,0,0,0,0,0
0,0,0,18,0,0,2,0,0,2,0,0,12,0,0,0,0,0,0,0,0,0,0,0,0,0,0,1332,0,0,88,0,0,366,0,0,1716,0,0,0,0,0,0,0,0,0,0,0
0,0,0,0,0,0,2,0,0,2,0,0,3,0,0,0,0,0,0,0,0,0,0,0,0,0,0,0,0,0,139,0,0,452,0,0,2406,0,0,0,0,0,0,0,0,0,0,0
0,0,0,0,0,0,0,0,0,2,0,0,3,0,0,0,0,4,0,0,0,0,0,0,0,0,0,0,0,0,0,0,0,412,0,0,1626,0,0,0,0,348,0,0,0,0,0,0
0,0,0,33,0,0,0,2,0,2,0,0,6,3,0,0,0,2,0,0,0,0,0,0,0,0,0,471,0,0,0,18,0,310,0,0,1731,199,0,0,0,458,0,0,0,0,0,0
0,0,0,6,0,0,0,0,0,2,0,0,12,6,0,0,0,2,0,32,0,0,0,0,0,0,0,855,0,0,0,0,0,306,0,0,834,207,0,0,0,346,0,2488,0,0,0,0
0,0,0,0,0,0,1,2,0,4,0,0,0,0,0,0,0,0,0,0,0,0,0,0,0,0,0,0,0,0,142,18,0,396,0,0,0,0,0,0,0,0,0,0,0,0,0,0
0,0,0,0,0,0,0,4,0,0,0,0,3,1,0,0,0,0,0,0,0,0,0,0,0,0,0,0,0,0,0,44,0,0,0,0,3804,47,0,0,0,0,0,0,0,0,0,0
0,0,0,0,0,0,4,0,0,2,0,0,3,1,0,0,0,2,0,0,0,0,0,0,0,0,0,0,0,0,155,0,0,384,0,0,2508,14,0,0,0,242,0,0,0,0,0,0
0,0,0,0,0,0,1,0,0,0,0,0,3,0,0,0,0,0,0,0,0,0,0,0,0,0,0,0,0,0,49,0,0,0,0,0,1863,0,0,0,0,0,0,0,0,0,0,0
0,0,0,0,0,0,1,0,0,4,0,0,3,0,0,0,0,0,0,0,0,0,0,0,0,0,0,0,0,0,115,0,0,62,0,0,3252,0,0,0,0,0,0,0,0,0,0,0
0,0,0,3,0,0,2,0,0,4,0,0,3,1,0,0,0,0,0,0,0,0,0,0,0,0,0,510,0,0,193,0,0,910,0,0,1716,156,0,0,0,0,0,0,0,0,0,0
0,0,0,9,0,0,1,4,0,2,0,0,9,1,0,0,0,2,0,0,0,0,0,0,0,0,0,789,0,0,74,20,0,456,0,0,687,24,0,0,0,482,0,0,0,0,0,0
0,0,0,0,0,0,0,2,0,2,0,0,6,2,0,0,0,2,0,0,0,0,0,0,0,0,0,0,0,0,0,2,0,1010,0,0,2295,127,0,0,0,240,0,0,0,0,0,0
0,0,0,0,0,0,1,2,0,4,0,0,9,1,0,0,0,2,0,0,0,0,0,0,0,0,0,0,0,0,94,10,0,358,0,0,1659,11,0,0,0,222,0,0,0,0,0,0
0,0,0,3,0,0,1,2,0,4,0,0,9,1,0,0,0,2,0,0,0,0,0,0,0,0,0,339,0,0,59,4,0,870,0,0,1317,190,0,0,0,384,0,0,0,0,0,0
0,0,0,3,0,0,2,0,0,4,0,0,12,3,0,0,0,0,0,0,0,0,0,0,0,0,0,594,0,0,157,0,0,234,0,0,3621,201,0,0,0,0,0,0,0,0,0,0
0,0,0,9,0,0,1,0,0,0,0,0,9,0,0,0,0,0,0,0,0,0,0,0,0,0,0,1560,0,0,56,0,0,0,0,0,720,0,0,0,0,0,0,0,0,0,0,0
0,0,0,9,0,0,0,2,0,2,0,0,9,2,0,0,0,4,0,0,0,0,0,0,0,0,0,963,0,0,0,6,0,328,0,0,687,36,0,0,0,322,0,0,0,0,0,0
0,0,0,6,0,0,8,2,0,2,0,0,15,0,0,0,0,2,0,0,0,0,0,0,0,0,0,828,0,0,218,4,0,338,0,0,768,0,0,0,0,364,0,0,0,0,0,0
0,0,0,0,0,0,0,2,0,4,0,0,3,0,0,0,0,0,0,0,0,0,0,0,0,0,0,0,0,0,0,14,0,130,0,0,2850,0,0,0,0,0,0,0,0,0,0,0
0,0,0,0,0,0,2,2,0,2,0,0,3,1,0,0,0,0,0,0,0,0,0,0,0,0,0,0,0,0,73,6,0,32,0,0,1929,27,0,0,0,0,0,0,0,0,0,0
0,0,0,0,0,0,1,2,0,0,0,0,3,1,0,0,0,2,0,0,0,0,0,0,0,0,0,0,0,0,49,36,0,0,0,0,3105,321,0,0,0,104,0,0,0,0,0,0
0,0,0,6,0,0,1,2,0,2,0,0,6,2,0,0,0,0,0,0,0,0,0,0,0,0,0,462,0,0,114,44,0,476,0,0,1476,75,0,0,0,0,0,0,0,0,0,0
0,0,0,0,0,0,0,0,0,0,0,0,3,0,0,0,0,0,0,0,0,0,0,0,0,0,0,0,0,0,0,0,0,0,0,0,2850,0,0,0,0,0,0,0,0,0,0,0
0,0,0,0,0,0,3,2,0,0,0,0,3,1,0,0,0,0,0,0,0,0,0,0,0,0,0,0,0,0,225,32,0,0,0,0,3243,27,0,0,0,0,0,0,0,0,0,0
0,0,0,0,0,0,0,2,0,4,0,0,3,1,0,0,0,0,0,0,0,0,0,0,0,0,0,0,0,0,0,14,0,280,0,0,2592,57,0,0,0,0,0,0,0,0,0,0
0,0,0,3,0,0,0,0,0,0,0,0,12,0,0,0,0,2,0,4,0,0,0,0,0,0,0,1482,0,0,0,0,0,0,0,0,468,0,0,0,0,34,0,1040,0,0,0,0
0,0,0,3,0,0,0,0,0,2,0,0,12,0,0,0,0,2,0,0,0,0,0,0,0,0,0,1311,0,0,0,0,0,310,0,0,609,0,0,0,0,130,0,0,0,0,0,0
0,0,0,3,0,0,0,0,0,2,0,0,12,0,0,0,0,2,0,0,0,0,0,0,0,0,0,1227,0,0,0,0,0,310,0,0,528,0,0,0,0,206,0,0,0,0,0,0
0,0,0,3,0,0,0,0,0,2,0,0,12,0,0,0,0,0,0,28,0,0,0,0,0,0,0,1134,0,0,0,0,0,242,0,0,525,0,0,0,0,0,0,3876,0,0,0,0
0,0,0,3,0,0,0,0,0,2,0,0,12,0,0,0,0,2,0,0,0,0,0,0,0,0,0,1239,0,0,0,0,0,272,0,0,585,0,0,0,0,68,0,0,0,0,0,0
0,0,0,3,0,0,0,4,0,2,0,0,12,0,0,0,0,2,0,0,0,0,0,0,0,0,0,1560,0,0,0,8,0,434,0,0,864,0,0,0,0,190,0,0,0,0,0,0
0,0,0,6,0,0,0,2,0,2,0,0,9,0,0,0,0,2,0,0,0,0,0,0,0,0,0,330,0,0,0,4,0,170,0,0,198,0,0,0,0,466,0,0,0,0,0,0
0,0,0,6,0,0,0,0,0,2,0,0,9,0,0,0,0,2,0,0,0,0,0,0,0,0,0,762,0,0,0,0,0,294,0,0,474,0,0,0,0,126,0,0,0,0,0,0
0,0,0,9,0,0,0,0,0,0,0,0,12,0,0,0,0,2,0,0,0,0,0,0,0,0,0,912,0,0,0,0,0,0,0,0,855,0,0,0,0,54,0,0,0,0,0,0
0,0,0,6,0,0,1,0,0,2,0,0,9,1,0,0,0,2,0,0,0,0,0,0,0,0,0,852,0,0,27,0,0,244,0,0,537,53,0,0,0,58,0,0,0,0,0,0
0,0,0,9,0,0,0,0,0,0,0,0,12,0,0,0,0,2,0,0,0,0,0,0,0,0,0,918,0,0,0,0,0,0,0,0,1137,0,0,0,0,112,0,0,0,0,0,0
0,0,0,6,0,0,1,0,0,2,0,0,9,0,0,0,0,2,0,0,0,0,0,0,0,0,0,729,0,0,155,0,0,184,0,0,531,0,0,0,0,158,0,0,0,0,0,0
0,0,0,6,0,0,0,0,0,2,0,0,12,0,0,0,0,2,0,0,0,0,0,0,0,0,0,891,0,0,0,0,0,260,0,0,672,0,0,0,0,78,0,0,0,0,0,0
0,0,0,3,0,0,0,0,0,0,0,0,3,0,0,0,0,0,0,0,0,0,0,0,0,0,0,2466,0,0,0,0,0,0,0,0,570,0,0,0,0,0,0,0,0,0,0,0
0,0,0,6,0,0,0,0,0,0,0,0,18,0,0,0,0,0,0,0,0,0,0,0,0,0,0,693,0,0,0,0,0,0,0,0,1425,0,0,0,0,0,0,0,0,0,0,0
0,0,0,0,0,0,0,0,0,0,0,0,3,1,0,0,0,2,0,0,0,0,0,0,0,0,0,0,0,0,0,0,0,0,0,0,2349,106,0,0,0,508,0,0,0,0,0,0
0,0,0,0,0,0,2,0,0,2,0,0,3,0,0,0,0,0,0,0,0,0,0,0,0,0,0,0,0,0,160,0,0,298,0,0,2928,0,0,0,0,0,0,0,0,0,0,0
0,0,0,0,0,0,0,0,0,0,0,0,3,0,0,0,0,0,0,0,0,0,0,0,0,0,0,0,0,0,0,0,0,0,0,0,4146,0,0,0,0,0,0,0,0,0,0,0
0,0,0,0,0,0,0,0,0,0,0,0,3,1,0,0,0,0,0,0,0,0,0,0,0,0,0,0,0,0,0,0,0,0,0,0,3813,116,0,0,0,0,0,0,0,0,0,0
0,0,0,0,0,0,0,0,0,0,0,0,3,0,0,0,0,0,0,0,0,0,0,0,0,0,0,0,0,0,0,0,0,0,0,0,3468,0,0,0,0,0,0,0,0,0,0,0
0,0,0,0,0,0,1,2,0,2,0,0,3,0,0,0,0,0,0,0,0,0,0,0,0,0,0,0,0,0,185,130,0,334,0,0,2037,0,0,0,0,0,0,0,0,0,0,0
0,0,0,3,0,0,2,0,0,4,0,0,12,1,0,0,0,2,0,0,0,0,0,0,0,0,0,1215,0,0,131,0,0,284,0,0,672,47,0,0,0,246,0,0,0,0,0,0
0,0,0,12,0,0,1,0,0,6,0,0,6,0,1,0,0,0,0,0,0,0,0,0,0,0,0,1038,0,0,20,0,0,196,0,0,312,0,29,0,0,0,0,0,0,0,0,0
0,0,0,15,0,0,1,0,0,0,0,0,15,0,0,0,0,2,0,0,0,0,0,0,0,0,0,1047,0,0,281,0,0,0,0,0,813,0,0,0,0,96,0,0,0,0,0,0
0,0,0,3,0,0,3,0,0,4,0,0,12,0,0,0,0,2,0,0,0,0,0,0,0,0,0,420,0,0,80,0,0,220,0,0,699,0,0,0,0,316,0,0,0,0,0,0
0,0,0,3,0,0,2,0,0,4,0,0,12,0,0,0,0,2,0,0,0,0,0,0,0,0,0,303,0,0,93,0,0,232,0,0,1638,0,0,0,0,226,0,0,0,0,0,0
0,0,0,6,0,0,2,0,0,6,0,0,3,0,1,0,0,2,0,0,0,0,0,0,0,0,0,846,0,0,24,0,0,1452,0,0,1332,0,28,0,0,174,0,0,0,0,0,0
0,0,0,6,0,0,1,4,0,8,0,0,12,0,0,0,0,2,0,0,0,0,0,0,0,0,0,1326,0,0,99,16,0,526,0,0,1989,0,0,0,0,310,0,0,0,0,0,0
0,0,0,6,0,0,1,2,0,4,0,0,9,0,0,0,0,2,0,0,0,0,0,0,0,0,0,825,0,0,51,28,0,476,0,0,1776,0,0,0,0,700,0,0,0,0,0,0
0,0,0,6,0,0,3,2,0,2,0,0,12,2,0,0,0,2,0,0,0,0,0,0,0,0,0,648,0,0,255,166,0,444,0,0,2625,563,0,0,0,302,0,0,0,0,0,0
0,0,0,6,0,0,2,0,0,8,0,0,9,1,0,1,0,2,0,0,0,0,0,0,0,0,0,1224,0,0,82,0,0,1326,0,0,1992,74,0,141,0,114,0,0,0,0,0,0
0,0,0,6,0,0,1,0,0,4,0,0,15,0,0,2,0,2,0,0,0,0,0,0,0,0,0,567,0,0,123,0,0,260,0,0,1134,0,0,132,0,302,0,0,0,0,0,0
0,0,0,0,0,0,0,4,0,2,0,0,3,2,0,0,0,2,0,0,0,0,0,0,0,0,0,0,0,0,0,258,0,48,0,0,3270,89,0,0,0,48,0,0,0,0,0,0
0,0,0,0,0,0,0,2,0,0,0,0,3,0,0,0,0,2,0,0,0,0,0,0,0,0,0,0,0,0,0,14,0,0,0,0,3618,0,0,0,0,198,0,0,0,0,0,0
0,0,0,0,0,0,2,6,0,0,0,0,9,4,0,0,0,0,0,0,0,0,0,0,0,0,0,0,0,0,127,110,0,0,0,0,3135,23,0,0,0,0,0,0,0,0,0,0
0,0,0,0,0,0,1,2,0,2,0,0,3,0,0,0,0,0,0,0,0,0,0,0,0,0,0,0,0,0,87,20,0,708,0,0,2817,0,0,0,0,0,0,0,0,0,0,0
0,0,0,9,0,0,1,2,0,0,0,0,6,0,0,0,0,0,0,0,0,0,0,0,0,0,0,1344,0,0,269,20,0,0,0,0,258,0,0,0,0,0,0,0,0,0,0,0
0,0,0,6,0,0,1,2,0,0,0,0,9,0,0,0,0,2,0,8,0,0,0,0,0,0,0,1986,0,0,94,256,0,0,0,0,2355,0,0,0,0,156,0,692,0,0,0,0
0,0,0,3,0,0,2,2,0,2,0,0,12,1,1,0,0,2,0,0,0,0,0,0,0,0,0,153,0,0,87,36,0,390,0,0,2622,48,49,0,0,28,0,0,0,0,0,0
0,0,0,12,0,0,0,2,0,0,0,0,12,2,0,0,0,0,0,0,0,0,0,0,0,0,0,1992,0,0,0,80,0,0,0,0,2013,393,0,0,0,0,0,0,0,0,0,0
0,0,0,3,0,0,2,0,0,2,0,0,6,0,0,0,0,2,0,0,0,0,0,0,0,0,0,666,0,0,54,0,0,264,0,0,150,0,0,0,0,102,0,0,0,0,0,0
0,0,0,3,0,0,2,0,0,4,0,0,9,0,0,0,0,2,0,0,0,0,0,0,0,0,0,711,0,0,668,0,0,430,0,0,348,0,0,0,0,88,0,0,0,0,0,0
0,0,0,3,0,0,2,0,0,2,0,0,24,1,0,0,0,2,0,0,0,0,0,0,0,0,0,615,0,0,118,0,0,266,0,0,963,74,0,0,0,32,0,0,0,0,0,0
0,0,0,0,0,0,0,0,0,2,0,0,3,1,0,0,0,0,0,24,0,0,0,0,0,0,0,0,0,0,0,0,0,560,0,0,2469,103,0,0,0,0,0,2300,0,0,0,0
0,0,0,3,0,0,2,0,0,2,0,0,12,1,0,0,0,2,0,0,0,0,0,0,0,0,0,1077,0,0,140,0,0,286,0,0,2016,113,0,0,0,232,0,0,0,0,0,0
0,0,0,3,0,0,2,0,0,2,0,0,12,1,0,0,0,2,0,0,0,0,0,0,0,0,0,795,0,0,102,0,0,332,0,0,1143,174,0,0,0,150,0,0,0,0,0,0
0,0,0,3,0,0,2,0,0,4,0,0,12,0,0,0,0,2,0,0,0,0,0,0,0,0,0,753,0,0,123,0,0,464,0,0,633,0,0,0,0,134,0,0,0,0,0,0
0,0,0,0,0,0,3,4,0,4,0,0,0,3,0,0,0,0,0,12,0,0,0,0,0,0,0,0,0,0,352,144,0,208,0,0,0,290,0,0,0,0,0,156,0,0,0,0
0,0,0,0,0,0,0,0,0,0,0,0,0,0,0,0,0,0,0,40,0,0,0,0,0,0,0,0,0,0,0,0,0,0,0,0,0,0,0,0,0,0,0,2532,0,0,0,0
0,0,0,3,0,0,0,0,0,0,0,0,9,0,0,1,0,0,0,28,0,0,0,0,0,0,0,69,0,0,0,0,0,0,0,0,600,0,0,667,0,0,0,864,0,0,0,0
0,0,0,0,0,0,0,0,0,0,0,0,0,0,0,0,0,0,0,12,0,0,0,0,0,0,0,0,0,0,0,0,0,0,0,0,0,0,0,0,0,0,0,2148,0,0,0,0
0,0,0,0,0,0,0,0,0,0,0,0,0,0,0,0,0,0,0,16,0,0,0,0,0,0,0,0,0,0,0,0,0,0,0,0,0,0,0,0,0,0,0,2020,0,0,0,0
0,0,0,0,0,0,0,0,0,0,0,0,0,0,0,0,0,0,0,32,0,0,0,0,0,0,0,0,0,0,0,0,0,0,0,0,0,0,0,0,0,0,0,3108,0,0,0,0
0,0,0,6,0,0,1,0,0,2,0,0,15,0,0,0,0,2,0,0,0,0,0,0,0,0,0,1011,0,0,173,0,0,338,0,0,366,0,0,0,0,318,0,0,0,0,0,0
0,0,0,6,0,0,0,0,0,4,0,0,15,0,0,0,0,2,0,0,0,0,0,0,0,0,0,1116,0,0,0,0,0,468,0,0,1104,0,0,0,0,158,0,0,0,0,0,0
0,0,0,3,0,0,3,2,0,4,0,0,12,1,0,0,0,4,0,0,0,0,0,0,0,0,0,534,0,0,135,98,0,488,0,0,609,283,0,0,0,90,0,0,0,0,0,0
0,0,0,3,0,0,3,0,0,10,0,0,12,1,0,0,0,6,0,0,0,0,0,0,0,0,0,306,0,0,138,0,0,1658,0,0,1014,20,0,0,0,476,0,0,0,0,0,0
0,0,0,12,0,0,1,0,0,2,0,0,9,1,0,0,0,4,0,0,0,0,0,0,0,0,0,1266,0,0,84,0,0,166,0,0,273,45,0,0,0,370,0,0,0,0,0,0
0,0,0,6,0,0,0,0,0,0,0,0,12,0,0,0,0,2,0,0,0,0,0,0,0,0,0,1176,0,0,0,0,0,0,0,0,1662,0,0,0,0,162,0,0,0,0,0,0
0,0,0,6,0,0,0,0,0,2,0,0,12,0,0,0,0,0,0,0,0,0,0,0,0,0,0,1236,0,0,0,0,0,422,0,0,873,0,0,0,0,0,0,0,0,0,0,0
0,0,0,0,0,0,0,0,0,4,0,0,3,0,0,0,0,0,0,0,0,0,0,0,0,0,0,0,0,0,0,0,0,706,0,0,1569,0,0,0,0,0,0,0,0,0,0,0
0,0,0,0,0,0,1,0,0,2,0,0,3,1,0,0,0,0,0,0,0,0,0,0,0,0,0,0,0,0,104,0,0,566,0,0,2148,338,0,0,0,0,0,0,0,0,0,0
0,0,0,0,0,0,1,0,0,4,0,0,3,0,0,0,0,0,0,0,0,0,0,0,0,0,0,0,0,0,207,0,0,350,0,0,2154,0,0,0,0,0,0,0,0,0,0,0
0,0,0,3,0,0,0,2,0,2,0,0,3,1,0,0,0,0,0,0,0,0,0,0,0,0,0,510,0,0,0,34,0,198,0,0,2508,61,0,0,0,0,0,0,0,0,0,0
0,0,0,0,0,0,1,0,0,0,0,0,3,0,0,0,0,2,0,0,0,0,0,0,0,0,0,0,0,0,212,0,0,0,0,0,1932,0,0,0,0,544,0,0,0,0,0,0
0,0,0,3,0,0,2,0,0,2,0,0,9,0,0,0,0,0,0,0,0,0,0,0,0,0,0,1284,0,0,63,0,0,318,0,0,792,0,0,0,0,0,0,0,0,0,0,0
0,0,0,3,0,0,1,0,0,0,0,0,9,0,0,0,0,0,0,0,0,0,0,0,0,0,0,1260,0,0,116,0,0,0,0,0,690,0,0,0,0,0,0,0,0,0,0,0
0,0,0,3,0,0,0,0,0,0,0,0,9,0,0,0,0,2,0,0,0,0,0,0,0,0,0,1098,0,0,0,0,0,0,0,0,861,0,0,0,0,74,0,0,0,0,0,0
0,0,0,3,0,0,0,0,0,0,0,0,12,0,0,0,0,2,0,0,0,0,0,0,0,0,0,1188,0,0,0,0,0,0,0,0,1185,0,0,0,0,210,0,0,0,0,0,0
0,0,0,3,0,0,0,0,0,0,0,0,12,0,0,0,0,2,0,0,0,0,0,0,0,0,0,1215,0,0,0,0,0,0,0,0,1164,0,0,0,0,202,0,0,0,0,0,0
0,0,0,6,0,0,1,0,0,0,0,0,12,1,0,0,0,0,0,0,0,0,0,0,0,0,0,1446,0,0,109,0,0,0,0,0,1272,49,0,0,0,0,0,0,0,0,0,0
0,0,0,3,0,0,2,0,0,2,0,0,6,1,1,0,0,0,0,0,0,0,0,0,0,0,0,687,0,0,191,0,0,462,0,0,1113,639,17,0,0,0,0,0,0,0,0,0
0,0,0,15,0,0,1,2,0,6,0,0,9,2,0,0,0,0,0,0,0,0,0,0,0,0,0,1563,0,0,330,80,0,324,0,0,2400,80,0,0,0,0,0,0,0,0,0,0
0,0,0,3,0,0,1,2,0,4,0,0,9,0,0,0,0,2,0,4,0,0,0,0,0,0,0,105,0,0,94,36,0,274,0,0,1203,0,0,0,0,582,0,32,0,0,0,0
0,0,0,0,0,0,1,2,0,2,0,0,6,1,0,0,0,2,0,0,0,0,0,0,0,0,0,0,0,0,53,672,0,428,0,0,2523,100,0,0,0,70,0,0,0,0,0,0
0,0,0,9,0,0,1,2,0,6,0,0,9,1,0,0,0,0,0,0,0,0,0,0,0,0,0,894,0,0,91,64,0,242,0,0,1890,105,0,0,0,0,0,0,0,0,0,0
0,0,0,0,0,0,0,0,0,0,0,0,3,1,0,0,0,0,0,0,0,0,0,0,0,0,0,0,0,0,0,0,0,0,0,0,2442,135,0,0,0,0,0,0,0,0,0,0
0,0,0,3,0,0,2,0,0,2,0,0,12,0,0,0,0,0,0,0,0,0,0,0,0,0,0,549,0,0,75,0,0,516,0,0,744,0,0,0,0,0,0,0,0,0,0,0
0,0,0,3,0,0,2,0,0,4,0,0,12,0,0,0,0,2,0,0,0,0,0,0,0,0,0,1308,0,0,14,0,0,340,0,0,627,0,0,0,0,28,0,0,0,0,0,0
0,0,0,3,0,0,0,4,0,0,0,0,12,1,0,0,0,2,0,0,0,0,0,0,0,0,0,1038,0,0,0,88,0,0,0,0,1026,37,0,0,0,238,0,0,0,0,0,0
0,0,0,6,0,0,0,0,0,0,0,0,18,0,0,1,0,2,0,0,0,0,0,0,0,0,0,1686,0,0,0,0,0,0,0,0,1101,0,0,56,0,112,0,0,0,0,0,0
0,0,0,3,0,0,1,2,0,0,0,0,18,0,0,0,0,2,0,0,0,0,0,0,0,0,0,963,0,0,84,10,0,0,0,0,393,0,0,0,0,136,0,0,0,0,0,0
0,0,0,3,0,0,1,0,0,6,0,0,12,1,0,0,0,2,0,0,0,0,0,0,0,0,0,180,0,0,34,0,0,190,0,0,1194,33,0,0,0,900,0,0,0,0,0,0
0,0,0,3,0,0,1,2,0,4,0,0,12,4,0,0,0,4,0,0,0,0,0,0,0,0,0,300,0,0,31,118,0,352,0,0,2199,345,0,0,0,160,0,0,0,0,0,0
0,0,0,6,0,0,1,2,0,2,0,0,12,1,0,1,0,0,0,0,0,0,0,0,0,0,0,1254,0,0,152,36,0,256,0,0,1212,8,0,59,0,0,0,0,0,0,0,0
0,0,0,3,0,0,1,0,0,10,0,0,12,1,0,0,0,0,0,0,0,0,0,0,0,0,0,249,0,0,49,0,0,472,0,0,2655,44,0,0,0,0,0,0,0,0,0,0
0,0,0,0,0,0,0,2,0,6,0,0,12,0,0,0,0,0,0,0,0,0,0,0,0,0,0,0,0,0,0,54,0,448,0,0,2628,0,0,0,0,0,0,0,0,0,0,0
0,0,0,18,0,0,1,0,0,4,0,0,18,1,0,0,0,2,0,0,0,0,0,0,0,0,0,1635,0,0,84,0,0,210,0,0,1149,144,0,0,0,498,0,0,0,0,0,0
0,0,0,0,0,0,1,0,0,6,0,0,12,0,0,0,0,2,0,0,0,0,0,0,0,0,0,0,0,0,84,0,0,362,0,0,813,0,0,0,0,196,0,0,0,0,0,0
0,0,0,3,0,0,2,2,0,0,0,0,0,0,0,0,0,2,0,16,0,0,0,0,0,0,0,210,0,0,216,118,0,0,0,0,0,0,0,0,0,78,0,5572,0,0,0,0
0,0,0,3,0,0,0,0,0,2,0,0,12,0,0,0,0,2,0,0,0,0,0,0,0,0,0,1110,0,0,0,0,0,394,0,0,1539,0,0,0,0,100,0,0,0,0,0,0
0,0,0,3,0,0,1,2,0,0,0,0,6,0,0,0,0,0,0,0,0,0,0,0,0,0,0,438,0,0,352,60,0,0,0,0,2436,0,0,0,0,0,0,0,0,0,0,0
0,0,0,3,0,0,1,2,0,2,0,0,12,1,0,0,0,2,0,0,0,0,0,0,0,0,0,270,0,0,112,194,0,422,0,0,741,121,0,0,0,232,0,0,0,0,0,0
0,0,0,3,0,0,2,4,0,2,0,0,12,1,0,4,0,2,0,0,0,0,0,0,0,0,0,1683,0,0,304,28,0,12,0,0,789,2,0,152,0,68,0,0,0,0,0,0
0,0,0,9,0,0,2,2,0,2,0,0,12,0,0,0,0,2,0,0,0,0,0,0,0,0,0,1578,0,0,144,10,0,264,0,0,699,0,0,0,0,310,0,0,0,0,0,0
0,0,0,3,0,0,0,0,0,0,0,0,12,0,0,4,0,2,0,0,0,0,0,0,0,0,0,1563,0,0,0,0,0,0,0,0,861,0,0,279,0,202,0,0,0,0,0,0
0,0,0,3,0,0,1,4,0,0,0,0,12,1,0,0,0,2,0,0,0,0,0,0,0,0,0,1791,0,0,57,68,0,0,0,0,723,87,0,0,0,170,0,0,0,0,0,0
0,0,0,0,0,0,2,0,0,2,0,0,3,1,0,0,0,0,0,0,0,0,0,0,0,0,0,0,0,0,72,0,0,390,0,0,1770,82,0,0,0,0,0,0,0,0,0,0
0,0,0,12,0,0,0,0,0,2,0,0,9,0,0,0,0,0,0,0,0,0,0,0,0,0,0,1776,0,0,0,0,0,206,0,0,435,0,0,0,0,0,0,0,0,0,0,0
0,0,0,3,0,0,0,0,0,0,0,0,12,0,0,0,0,2,0,0,0,0,0,0,0,0,0,1521,0,0,0,0,0,0,0,0,927,0,0,0,0,18,0,0,0,0,0,0
0,0,0,3,0,0,0,0,0,2,0,0,12,0,0,0,0,6,0,0,0,0,0,0,0,0,0,819,0,0,0,0,0,278,0,0,702,0,0,0,0,686,0,0,0,0,0,0
0,0,0,3,0,0,0,0,0,2,0,0,9,0,0,0,0,0,0,0,0,0,0,0,0,0,0,591,0,0,0,0,0,276,0,0,387,0,0,0,0,0,0,0,0,0,0,0
0,0,0,6,0,0,0,2,0,0,0,0,9,0,0,1,0,2,0,0,0,0,0,0,0,0,0,267,0,0,0,14,0,0,0,0,369,0,0,19,0,346,0,0,0,0,0,0
0,0,0,15,0,0,2,0,0,2,0,0,12,0,0,0,0,0,0,0,0,0,0,0,0,0,0,936,0,0,99,0,0,166,0,0,1431,0,0,0,0,0,0,0,0,0,0,0
0,0,0,9,0,0,0,0,0,0,0,0,12,0,0,0,0,0,0,0,0,0,0,0,0,0,0,1650,0,0,0,0,0,0,0,0,756,0,0,0,0,0,0,0,0,0,0,0
0,0,0,3,0,0,2,0,0,0,0,0,9,0,0,0,0,2,0,0,0,0,0,0,0,0,0,594,0,0,263,0,0,0,0,0,849,0,0,0,0,138,0,0,0,0,0,0
0,0,0,3,0,0,2,0,0,2,0,0,3,3,0,0,0,2,0,0,0,0,0,0,0,0,0,345,0,0,209,0,0,336,0,0,2424,709,0,0,0,410,0,0,0,0,0,0
0,0,0,9,0,0,0,0,0,0,0,0,3,0,1,0,0,2,0,0,0,0,0,0,0,0,0,243,0,0,0,0,0,0,0,0,1203,0,393,0,0,872,0,0,0,0,0,0
0,0,0,6,0,0,0,4,0,0,0,0,6,1,0,0,0,0,0,0,0,0,0,0,0,0,0,1611,0,0,0,50,0,0,0,0,1347,21,0,0,0,0,0,0,0,0,0,0
0,0,0,0,0,0,0,0,0,2,0,0,3,0,0,0,0,2,0,0,0,0,0,0,0,0,0,0,0,0,0,0,0,676,0,0,210,0,0,0,0,268,0,0,0,0,0,0
0,0,0,12,0,0,0,0,0,0,0,0,15,0,1,0,0,2,0,0,0,0,0,0,0,0,0,1482,0,0,0,0,0,0,0,0,1185,0,26,0,0,66,0,0,0,0,0,0
0,0,0,6,0,0,0,0,0,0,0,0,9,0,0,0,0,0,0,0,0,0,0,0,0,0,0,1722,0,0,0,0,0,0,0,0,474,0,0,0,0,0,0,0,0,0,0,0
0,0,0,6,0,0,0,0,0,2,0,0,9,0,0,0,0,0,0,0,0,0,0,0,0,0,0,846,0,0,0,0,0,210,0,0,336,0,0,0,0,0,0,0,0,0,0,0
0,0,0,3,0,0,0,0,0,2,0,0,9,0,0,0,0,2,0,0,0,0,0,0,0,0,0,537,0,0,0,0,0,228,0,0,354,0,0,0,0,78,0,0,0,0,0,0
0,0,0,6,0,0,1,0,0,2,0,0,9,0,0,0,0,4,0,12,0,0,0,0,0,0,0,822,0,0,39,0,0,306,0,0,417,0,0,0,0,130,0,2088,0,0,0,0
0,0,0,3,0,0,0,0,0,2,0,0,9,0,0,0,0,2,0,0,0,0,0,0,0,0,0,438,0,0,0,0,0,228,0,0,405,0,0,0,0,102,0,0,0,0,0,0
0,0,0,6,0,0,1,0,0,4,0,0,12,3,0,0,0,2,0,0,0,0,0,0,0,0,0,891,0,0,163,0,0,440,0,0,774,429,0,0,0,202,0,0,0,0,0,0
0,0,0,3,0,0,1,0,0,2,0,0,9,0,0,0,0,2,0,0,0,0,0,0,0,0,0,591,0,0,69,0,0,342,0,0,573,0,0,0,0,78,0,0,0,0,0,0
0,0,0,0,0,0,0,2,0,2,0,0,0,1,0,0,0,0,0,0,0,0,0,0,0,0,0,0,0,0,0,136,0,382,0,0,0,346,0,0,0,0,0,0,0,0,0,0
0,0,0,3,0,0,0,0,0,0,0,0,3,0,0,0,0,0,0,0,0,0,0,0,0,0,0,165,0,0,0,0,0,0,0,0,2772,0,0,0,0,0,0,0,0,0,0,0
0,0,0,0,0,0,0,0,0,0,0,0,3,0,0,0,0,0,0,0,0,0,0,0,0,0,0,0,0,0,0,0,0,0,0,0,3336,0,0,0,0,0,0,0,0,0,0,0
0,0,0,0,0,0,0,0,0,0,0,0,3,0,0,0,0,0,0,0,0,0,0,0,0,0,0,0,0,0,0,0,0,0,0,0,4371,0,0,0,0,0,0,0,0,0,0,0
0,0,0,3,0,0,0,0,0,0,0,0,0,0,0,0,0,0,0,0,0,0,0,0,0,0,0,1254,0,0,0,0,0,0,0,0,0,0,0,0,0,0,0,0,0,0,0,0
0,0,0,0,0,0,0,0,0,0,0,0,0,0,0,0,0,0,0,56,0,0,0,0,0,0,0,0,0,0,0,0,0,0,0,0,0,0,0,0,0,0,0,4476,0,0,0,0
0,0,0,0,0,0,0,0,0,0,0,0,0,0,0,0,0,0,0,48,0,0,0,0,0,0,0,0,0,0,0,0,0,0,0,0,0,0,0,0,0,0,0,3104,0,0,0,0
0,0,0,0,0,0,0,0,0,0,0,0,0,0,0,0,0,0,0,24,0,0,0,0,0,0,0,0,0,0,0,0,0,0,0,0,0,0,0,0,0,0,0,2292,0,0,0,0
0,0,0,3,0,0,0,0,0,2,0,0,9,0,0,0,0,0,0,48,0,0,0,0,0,0,0,336,0,0,0,0,0,712,0,0,612,0,0,0,0,0,0,3196,0,0,0,0
0,0,0,0,0,0,0,0,0,0,0,0,3,0,0,0,0,0,0,0,0,0,0,0,0,0,0,0,0,0,0,0,0,0,0,0,4029,0,0,0,0,0,0,0,0,0,0,0
0,0,0,0,0,0,0,0,0,0,0,0,3,0,0,0,0,2,0,0,0,0,0,0,0,0,0,0,0,0,0,0,0,0,0,0,2925,0,0,0,0,346,0,0,0,0,0,0
0,0,0,0,0,0,0,0,0,2,0,0,3,0,0,0,0,0,0,0,0,0,0,0,0,0,0,0,0,0,0,0,0,150,0,0,3129,0,0,0,0,0,0,0,0,0,0,0
0,0,0,0,0,0,4,4,0,2,0,0,9,1,0,0,0,2,0,0,0,0,0,0,0,0,0,0,0,0,193,14,0,350,0,0,2082,16,0,0,0,154,0,0,0,0,0,0
0,0,0,0,0,0,0,2,0,0,0,0,6,0,0,0,0,0,0,0,0,0,0,0,0,0,0,0,0,0,0,20,0,0,0,0,2859,0,0,0,0,0,0,0,0,0,0,0
0,0,0,0,0,0,2,2,0,2,0,0,6,0,1,0,0,0,0,0,0,0,0,0,0,0,0,0,0,0,85,6,0,58,0,0,2640,0,4,0,0,0,0,0,0,0,0,0
0,0,0,3,0,0,0,0,0,2,0,0,6,1,0,0,0,0,0,0,0,0,0,0,0,0,0,48,0,0,0,0,0,18,0,0,2289,30,0,0,0,0,0,0,0,0,0,0
0,0,0,0,0,0,0,0,0,2,0,0,3,1,1,0,0,0,0,4,0,0,0,0,0,0,0,0,0,0,0,0,0,54,0,0,2136,30,60,0,0,0,0,8,0,0,0,0
0,0,0,3,0,0,1,2,0,2,0,0,0,0,0,0,0,0,0,0,0,0,0,0,0,0,0,2811,0,0,90,38,0,158,0,0,0,0,0,0,0,0,0,0,0,0,0,0
0,0,0,6,0,0,1,0,0,6,0,0,6,0,0,0,0,0,0,0,0,0,0,0,0,0,0,705,0,0,30,0,0,670,0,0,1629,0,0,0,0,0,0,0,0,0,0,0
0,0,0,0,0,0,0,0,0,0,0,0,3,2,0,0,0,0,0,0,0,0,0,0,0,0,0,0,0,0,0,0,0,0,0,0,2430,88,0,0,0,0,0,0,0,0,0,0
0,0,0,0,0,0,0,0,0,0,0,0,12,1,0,0,0,0,0,0,0,0,0,0,0,0,0,0,0,0,0,0,0,0,0,0,2124,78,0,0,0,0,0,0,0,0,0,0
0,0,0,3,0,0,0,0,0,0,0,0,6,1,0,0,0,2,0,0,0,0,0,0,0,0,0,621,0,0,0,0,0,0,0,0,1482,13,0,0,0,70,0,0,0,0,0,0
0,0,0,0,0,0,0,0,0,4,0,0,3,0,0,0,0,0,0,0,0,0,0,0,0,0,0,0,0,0,0,0,0,496,0,0,1980,0,0,0,0,0,0,0,0,0,0,0
0,0,0,3,0,0,0,2,0,0,0,0,0,0,0,0,0,0,0,0,0,0,0,0,0,0,0,2112,0,0,0,16,0,0,0,0,0,0,0,0,0,0,0,0,0,0,0,0
0,0,0,3,0,0,1,0,0,0,0,0,0,0,0,0,0,0,0,0,0,0,0,0,0,0,0,2460,0,0,30,0,0,0,0,0,0,0,0,0,0,0,0,0,0,0,0,0
0,0,0,0,0,0,0,0,0,2,0,0,0,0,0,0,0,0,0,0,0,0,0,0,0,0,0,0,0,0,0,0,0,1422,0,0,0,0,0,0,0,0,0,0,0,0,0,0
0,0,0,0,0,0,0,0,0,0,0,0,3,0,0,0,0,0,0,0,0,0,0,0,0,0,0,0,0,0,0,0,0,0,0,0,3975,0,0,0,0,0,0,0,0,0,0,0
0,0,0,0,0,0,0,4,0,2,0,0,0,0,0,0,0,0,0,8,0,0,0,0,0,0,0,0,0,0,0,280,0,1244,0,0,0,0,0,0,0,0,0,7372,0,0,0,0
0,0,0,9,0,0,2,2,0,2,0,0,9,1,0,0,0,0,0,0,0,0,0,0,0,0,0,864,0,0,25,28,0,472,0,0,612,11,0,0,0,0,0,0,0,0,0,0
0,0,0,18,0,0,0,2,0,0,0,0,9,0,0,0,0,2,0,0,0,0,0,0,0,0,0,2121,0,0,0,26,0,0,0,0,918,0,0,0,0,66,0,0,0,0,0,0
0,0,0,0,0,0,0,0,0,0,0,0,9,0,0,0,0,0,0,0,0,0,0,0,0,0,0,0,0,0,0,0,0,0,0,0,2403,0,0,0,0,0,0,0,0,0,0,0
0,0,0,0,0,0,1,0,0,2,0,0,9,0,0,0,0,0,0,0,0,0,0,0,0,0,0,0,0,0,77,0,0,174,0,0,1740,0,0,0,0,0,0,0,0,0,0,0
0,0,0,0,0,0,2,4,0,4,0,0,6,0,0,0,0,0,0,0,0,0,0,0,0,0,0,0,0,0,93,54,0,120,0,0,2469,0,0,0,0,0,0,0,0,0,0,0
0,0,0,9,0,0,1,2,0,2,0,0,6,0,0,0,0,0,0,0,0,0,0,0,0,0,0,978,0,0,125,16,0,528,0,0,2292,0,0,0,0,0,0,0,0,0,0,0
0,0,0,0,0,0,1,2,0,0,0,0,9,0,0,0,0,0,0,0,0,0,0,0,0,0,0,0,0,0,37,4,0,0,0,0,2823,0,0,0,0,0,0,0,0,0,0,0
0,0,0,0,0,0,2,2,0,4,0,0,3,0,0,0,0,0,0,0,0,0,0,0,0,0,0,0,0,0,228,22,0,266,0,0,1347,0,0,0,0,0,0,0,0,0,0,0
0,0,0,0,0,0,1,2,0,0,0,0,9,1,0,0,0,0,0,0,0,0,0,0,0,0,0,0,0,0,77,62,0,0,0,0,3279,25,0,0,0,0,0,0,0,0,0,0
0,0,0,0,0,0,1,2,0,2,0,0,12,0,0,0,0,0,0,0,0,0,0,0,0,0,0,0,0,0,53,2,0,50,0,0,2637,0,0,0,0,0,0,0,0,0,0,0
0,0,0,0,0,0,2,2,0,2,0,0,3,1,0,0,0,0,0,0,0,0,0,0,0,0,0,0,0,0,164,62,0,38,0,0,4173,70,0,0,0,0,0,0,0,0,0,0
0,0,0,0,0,0,1,4,0,4,0,0,12,0,0,0,0,2,0,0,0,0,0,0,0,0,0,0,0,0,109,12,0,532,0,0,2430,0,0,0,0,598,0,0,0,0,0,0
0,0,0,6,0,0,1,0,0,2,0,0,9,0,0,0,0,2,0,0,0,0,0,0,0,0,0,381,0,0,88,0,0,388,0,0,2127,0,0,0,0,628,0,0,0,0,0,0
0,0,0,18,0,0,0,4,0,2,0,0,6,1,0,0,0,2,0,0,0,0,0,0,0,0,0,948,0,0,0,46,0,326,0,0,933,28,0,0,0,1174,0,0,0,0,0,0
0,0,0,9,0,0,1,2,0,2,0,0,9,0,0,0,0,2,0,0,0,0,0,0,0,0,0,993,0,0,122,18,0,248,0,0,1056,0,0,0,0,552,0,0,0,0,0,0
0,0,0,6,0,0,1,2,0,2,0,0,9,1,0,0,0,0,0,0,0,0,0,0,0,0,0,1620,0,0,30,8,0,240,0,0,1443,91,0,0,0,0,0,0,0,0,0,0
0,0,0,6,0,0,0,2,0,2,0,0,3,1,0,3,0,2,0,0,0,0,0,0,0,0,0,951,0,0,0,40,0,470,0,0,2520,22,0,51,0,148,0,0,0,0,0,0
0,0,0,0,0,0,1,0,0,2,0,0,3,1,0,0,0,0,0,0,0,0,0,0,0,0,0,0,0,0,52,0,0,98,0,0,2259,67,0,0,0,0,0,0,0,0,0,0
0,0,0,0,0,0,1,0,0,0,0,0,3,0,0,0,0,0,0,0,0,0,0,0,0,0,0,0,0,0,61,0,0,0,0,0,2637,0,0,0,0,0,0,0,0,0,0,0
0,0,0,0,0,0,2,0,0,2,0,0,6,0,0,0,0,2,0,0,0,0,0,0,0,0,0,0,0,0,148,0,0,312,0,0,2385,0,0,0,0,140,0,0,0,0,0,0
0,0,0,3,0,0,0,2,0,0,0,0,0,1,0,0,0,0,0,0,0,0,0,0,0,0,0,3693,0,0,0,54,0,0,0,0,0,123,0,0,0,0,0,0,0,0,0,0
0,0,0,0,0,0,2,2,0,0,0,0,3,2,0,0,0,0,0,0,0,0,0,0,0,0,0,0,0,0,191,2,0,0,0,0,3345,98,0,0,0,0,0,0,0,0,0,0
0,0,0,0,0,0,0,2,0,0,0,0,3,0,0,0,0,0,0,0,0,0,0,0,0,0,0,0,0,0,0,66,0,0,0,0,2391,0,0,0,0,0,0,0,0,0,0,0
0,0,0,0,0,0,1,0,0,0,0,0,3,0,0,0,0,0,0,0,0,0,0,0,0,0,0,0,0,0,16,0,0,0,0,0,2748,0,0,0,0,0,0,0,0,0,0,0
0,0,0,0,0,0,0,2,0,0,0,0,3,0,0,0,0,0,0,0,0,0,0,0,0,0,0,0,0,0,0,64,0,0,0,0,3657,0,0,0,0,0,0,0,0,0,0,0
0,0,0,3,0,0,1,2,0,0,0,0,3,0,0,0,0,0,0,0,0,0,0,0,0,0,0,1326,0,0,42,64,0,0,0,0,3606,0,0,0,0,0,0,0,0,0,0,0
